#created automatically by Plunger Feedback Control for Linux (PFCL) 
#date: 24/03/2023 17.36
#order: spg. SD spg
#pc: DESKTOP-G0MI776
#run: 0006
#distcal: distcal_helium_24032023
#sollabstand: 2

7.5390	0.0253	2.3160
7.5468	0.0146	2.3160
7.5333	0.0268	2.3160
7.5464	0.0255	2.3160
7.5424	0.0334	2.3160
7.5354	0.0208	2.3160
7.5445	0.0155	2.3160
7.5391	0.0263	2.3160
7.5398	0.0216	2.3160
7.5408	0.0143	2.3160
7.5462	0.0181	2.3160
7.5455	0.0259	2.3160
7.5364	0.0278	2.3160
7.5362	0.0278	2.3160
7.5382	0.0179	2.3160
7.5433	0.0236	2.3160
7.5471	0.0263	2.3160
7.5393	0.0298	2.3160
7.5440	0.0196	2.3160
7.5528	0.0331	2.3160
7.5555	0.0090	2.3160
7.5558	0.0212	2.3160
7.5569	0.0237	2.3160
7.5375	0.0258	2.3160
7.5572	0.0187	2.3160
7.5458	0.0147	2.3160
7.5438	0.0329	2.3160
7.5525	0.0204	2.3160
7.5446	0.0258	2.3160
7.5485	0.0196	2.3160
7.5579	0.0234	2.3160
7.5409	0.0194	2.3160
7.5464	0.0131	2.3160
7.5617	0.0228	2.3160
7.5547	0.0200	2.3160
7.5453	0.0185	2.3160
7.5409	0.0246	2.3160
7.5401	0.0186	2.3160
7.5521	0.0204	2.3160
7.5574	0.0190	2.3160
7.5462	0.0213	2.3160
7.5551	0.0199	2.3160
7.5408	0.0224	2.3160
7.5489	0.0410	2.3160
7.5483	0.0126	2.3160
7.5449	0.0281	2.3160
7.5439	0.0256	2.3160
7.5597	0.0201	2.3160
7.5541	0.0211	2.3160
7.5496	0.0147	2.3160
7.5496	0.0267	2.3160
7.5477	0.0269	2.3160
7.5508	0.0189	2.3160
7.5330	0.0322	2.3160
7.5504	0.0249	2.3160
7.5550	0.0278	2.3160
7.5582	0.0213	2.3160
7.5541	0.0233	2.3160
7.5437	0.0277	2.3160
7.5636	0.0241	2.3160
7.5527	0.0324	2.3160
7.5542	0.0235	2.3160
7.5612	0.0236	2.3160
7.5443	0.0241	2.3160
7.5576	0.0161	2.3160
7.5444	0.0199	2.3160
7.5649	0.0179	2.3160
7.5493	0.0245	2.3160
7.5351	0.0258	2.3160
7.5554	0.0205	2.3160
7.5729	0.0175	2.3160
7.5680	0.0218	2.3160
7.5527	0.0294	2.3160
7.5592	0.0222	2.3160
7.5705	0.0194	2.3160
7.5525	0.0267	2.3160
7.5535	0.0165	2.3160
7.5599	0.0178	2.3160
7.5635	0.0253	2.3160
7.5554	0.0236	2.3160
7.5493	0.0360	2.3160
7.5601	0.0285	2.3160
7.5660	0.0256	2.3160
7.5569	0.0184	2.3160
7.5510	0.0183	2.3160
7.5502	0.0243	2.3160
7.5590	0.0323	2.3160
7.5681	0.0185	2.3160
7.5617	0.0276	2.3160
7.5602	0.0318	2.3160
7.5760	0.0157	2.3160
7.5537	0.0308	2.3160
7.5634	0.0151	2.3160
7.5651	0.0174	2.3160
7.5613	0.0222	2.3160
7.5655	0.0238	2.3160
7.5529	0.0149	2.3160
7.5530	0.0231	2.3160
7.5377	0.0180	2.3160
7.5303	0.0360	2.3160
7.5276	0.0218	2.3160
7.5315	0.0243	2.3160
7.5378	0.0165	2.3160
7.5278	0.0210	2.3160
7.5278	0.0232	2.3160
7.5342	0.0221	2.3160
7.5148	0.0269	2.3160
7.5296	0.0305	2.3160
7.5203	0.0156	2.3160
7.5112	0.0252	2.3160
7.5292	0.0188	2.3160
7.5207	0.0223	2.3160
7.5133	0.0243	2.3160
7.5180	0.0176	2.3160
7.5329	0.0264	2.3160
7.5238	0.0219	2.3160
7.5193	0.0204	2.3160
7.5233	0.0238	2.3160
7.5248	0.0097	2.3160
7.5152	0.0149	2.3160
7.5254	0.0260	2.3160
7.5246	0.0202	2.3160
7.5133	0.0211	2.3160
7.5163	0.0216	2.3160
7.5236	0.0241	2.3160
7.5003	0.0166	2.3160
7.5055	0.0264	2.3160
7.5074	0.0223	2.3160
7.5075	0.0201	2.3160
7.4994	0.0209	2.3160
7.5104	0.0212	2.3160
7.5043	0.0223	2.3160
7.4993	0.0252	2.3160
7.4996	0.0116	2.3160
7.5172	0.0211	2.3160
7.5094	0.0187	2.3160
7.5210	0.0179	2.3160
7.4912	0.0229	2.3160
7.4922	0.0177	2.3160
7.4911	0.0255	2.3160
7.5201	0.0174	2.3160
7.5045	0.0273	2.3160
7.5005	0.0238	2.3160
7.4949	0.0238	2.3160
7.5053	0.0164	2.3160
7.5052	0.0225	2.3160
7.5044	0.0239	2.3160
7.5006	0.0167	2.3160
7.5116	0.0209	2.3160
7.4899	0.0215	2.3160
7.5070	0.0152	2.3160
7.5090	0.0317	2.3160
7.4865	0.0208	2.3160
7.4935	0.0296	2.3160
7.5127	0.0156	2.3160
7.4972	0.0270	2.3160
7.5025	0.0201	2.3160
7.5029	0.0159	2.3160
7.4990	0.0229	2.3160
7.4947	0.0223	2.3160
7.4928	0.0382	2.3160
7.4908	0.0227	2.3160
7.4907	0.0238	2.3160
7.4997	0.0225	2.3160
7.4955	0.0187	2.3160
7.4930	0.0262	2.3160
7.4846	0.0258	2.3160
7.4991	0.0269	2.3160
7.4881	0.0238	2.3160
7.5004	0.0235	2.3160
7.5014	0.0180	2.3160
7.4939	0.0212	2.3160
7.5027	0.0186	2.3160
7.4922	0.0204	2.3160
7.5016	0.0266	2.3160
7.4862	0.0160	2.3160
7.4889	0.0224	2.3160
7.5001	0.0266	2.3160
7.4893	0.0200	2.3160
7.4827	0.0215	2.3160
7.4926	0.0216	2.3160
7.4947	0.0157	2.3160
7.5009	0.0174	2.3160
7.4905	0.0140	2.3160
7.4876	0.0232	2.3160
7.4952	0.0288	2.3160
7.4866	0.0250	2.3160
7.4943	0.0236	2.3160
7.4789	0.0293	2.3160
7.4893	0.0249	2.3160
7.4987	0.0288	2.3160
7.4865	0.0316	2.3160
7.4936	0.0173	2.3160
7.4983	0.0318	2.3160
7.5546	0.0118	2.3160
7.5767	0.0315	2.3160
7.5666	0.0351	2.3160
7.5810	0.0251	2.3160
7.5949	0.0178	2.3160
7.5814	0.0239	2.3160
7.5801	0.0262	2.3160
7.5913	0.0225	2.3160
7.5758	0.0340	2.3160
7.5847	0.0232	2.3160
7.5917	0.0265	2.3160
7.5800	0.0366	2.3160
7.5935	0.0248	2.3160
7.5861	0.0212	2.3160
7.5923	0.0091	2.3160
7.5991	0.0274	2.2080
7.5634	0.0184	2.2080
7.5661	0.0200	2.2080
7.5691	0.0259	2.2080
7.5715	0.0204	2.2080
7.5709	0.0124	2.2080
7.5819	0.0146	2.2080
7.5796	0.0220	2.2080
7.5695	0.0165	2.2080
7.5553	0.0237	2.2080
7.5786	0.0283	2.2080
7.5793	0.0294	2.2080
7.5748	0.0187	2.2080
7.5660	0.0249	2.2080
7.5801	0.0218	2.2080
7.5884	0.0170	2.2080
7.5975	0.0115	2.3200
7.5498	0.0267	2.3200
7.5574	0.0159	2.3200
7.5436	0.0220	2.3200
7.5375	0.0228	2.3200
7.5505	0.0256	2.3200
7.5395	0.0172	2.3200
7.5580	0.0158	2.3200
7.5467	0.0224	2.3200
7.5441	0.0228	2.3200
7.5697	0.0179	2.3200
7.5561	0.0237	2.3200
7.5539	0.0266	2.3200
7.5621	0.0124	2.3200
7.5626	0.0161	2.3200
7.5574	0.0184	2.3200
7.5631	0.0225	2.3200
7.5671	0.0241	2.3200
7.5703	0.0239	2.3200
7.5630	0.0257	2.3200
7.5643	0.0273	2.3200
7.5728	0.0237	2.3200
7.5696	0.0244	2.3200
7.5649	0.0195	2.3200
7.5824	0.0159	2.3200
7.5654	0.0246	2.3200
7.5631	0.0168	2.3200
7.5664	0.0185	2.3200
7.5788	0.0228	2.3200
7.5720	0.0228	2.3200
7.5683	0.0246	2.3200
7.5664	0.0222	2.3200
7.5601	0.0187	2.3200
7.5945	0.0191	2.3200
7.5803	0.0249	2.3200
7.5823	0.0348	2.3200
7.5916	0.0158	2.3200
7.5809	0.0216	2.3200
7.5703	0.0193	2.3200
7.5812	0.0287	2.3200
7.5772	0.0270	2.3200
7.5830	0.0208	2.3200
7.5902	0.0246	2.3200
7.5901	0.0172	2.3200
7.5979	0.0256	2.4160
7.5481	0.0243	2.4160
7.5550	0.0190	2.4160
7.5536	0.0350	2.4160
7.5505	0.0204	2.4160
7.5593	0.0296	2.4160
7.5604	0.0196	2.4160
7.5606	0.0214	2.4160
7.5462	0.0237	2.4160
7.5466	0.0165	2.4160
7.5594	0.0248	2.4160
7.5553	0.0140	2.4160
7.5644	0.0243	2.4160
7.5646	0.0227	2.4160
7.5695	0.0142	2.4160
7.5573	0.0295	2.4160
7.5500	0.0182	2.4160
7.5530	0.0237	2.4160
7.5501	0.0299	2.4160
7.5711	0.0224	2.4160
7.5787	0.0195	2.4160
7.5573	0.0158	2.4160
7.5578	0.0259	2.4160
7.5719	0.0149	2.4160
7.5648	0.0218	2.4160
7.5603	0.0143	2.4160
7.5591	0.0279	2.4160
7.5666	0.0185	2.4160
7.5561	0.0170	2.4160
7.5717	0.0263	2.4160
7.5617	0.0266	2.4160
7.5653	0.0274	2.4160
7.5702	0.0235	2.4160
7.5626	0.0266	2.4160
7.5727	0.0204	2.4160
7.5683	0.0225	2.4160
7.5718	0.0201	2.4160
7.5718	0.0254	2.4160
7.5668	0.0230	2.4160
7.5649	0.0184	2.4160
7.5688	0.0251	2.4160
7.5598	0.0334	2.4160
7.5646	0.0268	2.4160
7.5581	0.0248	2.4160
7.5631	0.0233	2.4160
7.5678	0.0286	2.4160
7.5666	0.0264	2.4160
7.5812	0.0284	2.4160
7.5779	0.0258	2.4160
7.5685	0.0201	2.4160
7.5622	0.0130	2.4160
7.5711	0.0243	2.4160
7.5834	0.0221	2.4160
7.5767	0.0339	2.4160
7.5668	0.0291	2.4160
7.5806	0.0206	2.4160
7.5772	0.0246	2.4160
7.5644	0.0257	2.4160
7.5810	0.0267	2.4160
7.5826	0.0227	2.4160
7.5771	0.0259	2.4160
7.5888	0.0214	2.4160
7.5831	0.0270	2.4160
7.5956	0.0164	2.4160
7.5795	0.0237	2.4160
7.5849	0.0198	2.4160
7.5596	0.0173	2.4160
7.5864	0.0234	2.4160
7.5817	0.0268	2.4160
7.5972	0.0218	2.5240
10.5695	0.0003	2.6280
10.5696	0.0002	2.7120
10.5698	0.0005	2.8160
10.5696	0.0003	2.9160
10.5697	0.0004	2.9880
10.5697	0.0003	3.1160
10.5696	0.0003	3.2040
10.5697	0.0004	3.3200
10.5697	0.0004	3.4280
10.5696	0.0003	3.5080
10.5698	0.0003	3.6240
10.5698	0.0003	3.7240
10.5696	0.0004	3.8240
10.5696	0.0003	3.9200
10.5698	0.0004	3.9200
10.5697	0.0002	3.9200
10.5697	0.0003	3.9200
10.5695	0.0003	3.9200
10.5697	0.0005	3.9200
10.5695	0.0002	3.9200
10.5697	0.0004	3.9200
10.5697	0.0003	3.9200
10.5698	0.0002	3.9200
10.5697	0.0004	3.9200
10.5695	0.0003	3.9200
10.5696	0.0003	3.9200
10.5699	0.0002	3.9200
10.5695	0.0004	3.9200
10.5696	0.0003	4.0240
10.5698	0.0004	4.0240
10.5698	0.0004	4.0240
10.5697	0.0004	4.0240
10.5697	0.0002	4.0240
10.5698	0.0003	4.0240
10.5697	0.0004	4.0240
10.5695	0.0003	4.0240
10.5696	0.0002	4.0240
10.5696	0.0003	4.0240
10.5697	0.0003	4.0240
10.5697	0.0003	4.0240
10.5697	0.0003	4.0240
10.5696	0.0003	4.0240
10.5697	0.0004	4.0240
10.5698	0.0002	4.0240
10.5697	0.0003	5.0080
6.5930	0.0124	5.0080
6.5861	0.0210	5.0080
6.5839	0.0155	5.0080
6.5981	0.0125	5.0080
6.5918	0.0119	5.0080
6.5893	0.0300	5.0080
6.6019	0.0165	5.0080
6.5782	0.0230	5.0080
6.5857	0.0167	5.0080
6.5869	0.0180	5.0080
6.5932	0.0128	5.0080
6.5933	0.0224	5.0080
6.5948	0.0128	5.0080
6.5995	0.0136	5.0080
6.5890	0.0146	5.0080
6.5918	0.0232	5.0080
6.6030	0.0121	5.0080
6.5888	0.0195	5.0080
6.5950	0.0160	5.0080
6.6002	0.0090	5.0080
6.5899	0.0169	5.0080
6.5955	0.0218	5.0080
6.5884	0.0224	5.0080
6.5850	0.0161	5.0080
6.5924	0.0196	5.0080
6.5875	0.0180	5.0080
6.5927	0.0234	5.0080
6.6006	0.0222	5.0080
6.5954	0.0148	5.0080
6.5923	0.0230	5.0080
6.5992	0.0103	5.0080
6.5960	0.0193	5.0080
6.5947	0.0291	5.0080
6.6034	0.0141	5.0080
6.5869	0.0151	5.0080
6.5897	0.0179	5.0080
6.5951	0.0238	5.0080
6.5912	0.0172	5.0080
6.6029	0.0142	5.0080
6.6033	0.0150	5.0080
6.5898	0.0230	5.0080
6.5925	0.0213	5.0080
6.5988	0.0211	5.0080
6.6001	0.0151	5.0080
6.5970	0.0219	5.0080
6.6020	0.0116	5.0080
6.5865	0.0195	5.0080
6.6002	0.0135	5.0080
6.5955	0.0126	5.0080
6.5910	0.0252	5.0080
6.5900	0.0100	5.0080
6.6097	0.0177	5.0080
6.6004	0.0127	5.0080
6.5917	0.0168	5.0080
6.6007	0.0077	5.0080
6.5877	0.0235	5.0080
6.5979	0.0138	5.0080
6.5951	0.0169	5.0080
6.5998	0.0255	5.0080
6.6087	0.0148	5.0080
6.5987	0.0110	5.0080
6.5898	0.0145	5.0080
6.5998	0.0131	5.0080
6.5966	0.0171	5.0080
6.5931	0.0244	5.0080
6.5970	0.0159	5.0080
6.6003	0.0240	5.0080
6.6014	0.0211	5.0080
6.5948	0.0171	5.0080
6.5892	0.0237	5.0080
6.5934	0.0291	5.0080
6.5942	0.0240	5.0080
6.6054	0.0169	5.0080
6.5933	0.0180	5.0080
6.5939	0.0173	5.0080
6.6024	0.0163	5.0080
6.6049	0.0160	5.0080
6.5977	0.0145	5.0080
6.5977	0.0130	5.0080
6.6118	0.0142	5.0080
6.6053	0.0146	5.0080
6.5981	0.0215	5.0080
6.6065	0.0190	5.0080
6.6003	0.0120	5.0080
6.5895	0.0111	5.0080
6.5967	0.0153	5.0080
6.5998	0.0143	5.0080
6.6006	0.0181	5.0080
6.6042	0.0163	5.0080
6.6036	0.0188	5.0080
6.6004	0.0247	5.0080
6.6049	0.0095	6.0200
6.8474	0.0198	6.0200
6.8515	0.0214	6.0200
6.8548	0.0201	6.0200
6.8436	0.0145	6.0200
6.8343	0.0227	6.0200
6.8466	0.0108	6.0200
6.8578	0.0239	6.0200
6.8444	0.0161	6.0200
6.8456	0.0118	6.0200
6.8500	0.0203	6.0200
6.8357	0.0179	6.0200
6.8442	0.0216	6.0200
6.8565	0.0212	6.0200
6.8525	0.0162	5.0280
10.5697	0.0005	5.0280
10.5697	0.0003	5.0280
10.5696	0.0003	5.0280
10.5695	0.0004	5.0280
10.5697	0.0003	5.0280
10.5698	0.0004	5.0280
10.5696	0.0003	4.0240
10.5696	0.0002	4.0240
10.5696	0.0003	4.0240
10.5695	0.0004	4.0240
10.5696	0.0004	4.0240
10.5695	0.0004	4.0240
10.5696	0.0003	4.0240
10.5696	0.0003	4.0240
10.5696	0.0003	4.0240
10.5695	0.0002	5.0080
6.6136	0.0186	5.0080
6.6134	0.0165	5.0080
6.6018	0.0205	5.0080
6.6185	0.0170	5.0080
6.6072	0.0181	5.0080
6.6138	0.0182	5.0080
6.6043	0.0173	5.0080
6.6040	0.0194	5.0080
6.6115	0.0099	5.0080
6.6104	0.0200	5.0080
6.6054	0.0245	5.0080
6.6148	0.0141	5.0080
6.6123	0.0143	5.0080
6.5985	0.0129	5.0080
6.6103	0.0176	5.0080
6.6067	0.0179	5.0080
6.6155	0.0190	5.0080
6.6112	0.0112	5.0080
6.6114	0.0119	5.0080
6.6090	0.0139	5.0080
6.6088	0.0184	5.0080
6.6046	0.0226	5.0080
6.6186	0.0142	5.0080
6.6188	0.0056	5.0080
6.6041	0.0195	5.0080
6.6151	0.0221	5.0080
6.6130	0.0125	5.0080
6.6222	0.0122	5.0080
6.6153	0.0203	5.0080
6.6164	0.0211	5.0080
6.6075	0.0225	5.0080
6.6128	0.0164	5.0080
6.6132	0.0164	5.0080
6.6125	0.0150	5.0080
6.6205	0.0184	6.0200
6.8626	0.0215	6.0200
6.8545	0.0190	6.0200
6.8609	0.0182	6.0200
6.8643	0.0244	6.0200
6.8517	0.0260	6.0200
6.8693	0.0126	6.0200
6.8735	0.0215	6.0200
6.8554	0.0168	6.0200
6.8652	0.0195	6.0200
6.8648	0.0152	6.0200
6.8503	0.0239	6.0200
6.8675	0.0204	6.0200
6.8678	0.0130	6.0200
6.8504	0.0203	6.0200
6.8540	0.0212	6.0200
6.8629	0.0164	6.0200
6.8646	0.0133	6.0200
6.8615	0.0256	6.0200
6.8650	0.0202	6.0200
6.8611	0.0176	6.0200
6.8692	0.0161	6.0200
6.8654	0.0150	6.0200
6.8643	0.0189	6.0200
6.8594	0.0220	6.0200
6.8545	0.0211	6.0200
6.8556	0.0217	6.0200
6.8575	0.0194	6.0200
6.8727	0.0117	6.0200
6.8717	0.0119	6.0200
6.8655	0.0190	6.0200
6.8698	0.0190	6.0200
6.8677	0.0222	6.0200
6.8691	0.0188	6.0200
6.8633	0.0109	6.0200
6.8664	0.0163	6.0200
6.8455	0.0197	6.0200
6.8607	0.0161	6.0200
6.8769	0.0142	6.0200
6.8611	0.0205	6.0200
6.8718	0.0166	6.0200
6.8570	0.0174	6.0200
6.8710	0.0145	6.0200
6.8573	0.0250	6.0200
6.8725	0.0259	6.0200
6.8567	0.0222	6.0200
6.8556	0.0158	6.0200
6.8680	0.0252	6.0200
6.8574	0.0163	6.0200
6.8573	0.0224	6.0200
6.8628	0.0147	6.0200
6.8609	0.0233	6.0200
6.8630	0.0143	6.0200
6.8550	0.0334	6.0200
6.8602	0.0181	6.0200
6.8641	0.0170	6.0200
6.8675	0.0199	6.0200
6.8738	0.0139	6.0200
6.8640	0.0173	6.0200
6.8675	0.0162	6.0200
6.8577	0.0218	6.0200
6.8540	0.0175	6.0200
6.8688	0.0102	6.0200
6.8723	0.0123	6.0200
6.8654	0.0243	6.0200
6.8831	0.0114	6.0200
6.8713	0.0122	6.0200
6.8741	0.0198	6.0200
6.8635	0.0259	6.0200
6.8774	0.0114	6.0200
6.8743	0.0184	6.0200
6.8750	0.0238	6.0200
6.8717	0.0119	6.0200
6.8672	0.0219	6.0200
6.8588	0.0284	6.0200
6.8570	0.0222	6.0200
6.8729	0.0230	6.0200
6.8674	0.0154	6.0200
6.8587	0.0190	6.0200
6.8734	0.0131	6.0200
6.8581	0.0173	6.0200
6.8679	0.0186	6.0200
6.8638	0.0276	6.0200
6.8802	0.0223	6.0200
6.8680	0.0202	6.0200
6.8567	0.0202	6.0200
6.8631	0.0126	6.0200
6.8777	0.0131	6.0200
6.8688	0.0235	6.0200
6.8787	0.0219	6.0200
6.8544	0.0234	6.0200
6.8838	0.0193	6.0200
6.8661	0.0220	6.0200
6.8679	0.0183	6.0200
6.8794	0.0194	6.0200
6.8539	0.0215	6.0200
6.8810	0.0208	6.0200
6.8639	0.0208	5.0160
7.1390	0.0201	5.0160
7.1448	0.0269	5.0160
7.1416	0.0199	5.0160
7.1438	0.0325	5.0160
7.1550	0.0167	5.0160
7.1414	0.0274	5.0160
7.1453	0.0288	5.0160
7.1507	0.0238	5.0160
7.1474	0.0323	5.0160
7.1358	0.0203	5.0160
7.1481	0.0158	5.0160
7.1568	0.0106	5.0160
7.1303	0.0201	5.0160
7.1322	0.0312	5.0160
7.1440	0.0129	5.0160
7.1370	0.0359	5.0160
7.1390	0.0166	5.0160
7.1456	0.0259	5.0160
7.1440	0.0117	5.0160
7.1465	0.0235	5.0160
7.1465	0.0212	5.0160
7.1517	0.0155	5.0160
7.1538	0.0253	5.0160
7.1610	0.0159	5.0160
7.1546	0.0201	5.0160
7.1436	0.0177	5.0160
7.1478	0.0111	5.0160
7.1432	0.0429	5.0160
7.1428	0.0174	5.0160
7.1430	0.0192	5.0160
7.1517	0.0210	5.0160
7.1494	0.0176	5.0160
7.1449	0.0227	5.0160
7.1511	0.0194	5.0160
7.1429	0.0368	5.0160
7.1433	0.0221	5.0160
7.1455	0.0253	5.0160
7.1429	0.0228	5.0160
7.1408	0.0350	5.0160
7.1540	0.0186	5.0160
7.1523	0.0211	5.0160
7.1497	0.0223	5.0160
7.1424	0.0110	5.0160
7.1642	0.0305	5.0160
7.1477	0.0241	5.0160
7.1562	0.0230	5.0160
7.1489	0.0288	5.0160
7.1530	0.0178	5.0160
7.1421	0.0314	5.0160
7.1500	0.0212	5.0160
7.1540	0.0190	5.0160
7.1514	0.0197	5.0160
7.1539	0.0243	5.0160
7.1514	0.0134	5.0160
7.1439	0.0175	5.0160
7.1467	0.0187	5.0160
7.1424	0.0239	5.0160
7.1485	0.0236	5.0160
7.1444	0.0171	5.0160
7.1508	0.0301	5.0160
7.1476	0.0286	5.0160
7.1553	0.0207	5.0160
7.1445	0.0237	5.0160
7.1457	0.0228	5.0160
7.1561	0.0170	5.0160
7.1518	0.0104	5.0160
7.1553	0.0222	5.0160
7.1496	0.0279	5.0160
7.1528	0.0199	5.0160
7.1465	0.0178	5.0160
7.1569	0.0181	5.0160
7.1368	0.0195	5.0160
7.1564	0.0106	5.0160
7.1413	0.0148	5.0160
7.1510	0.0099	5.0160
7.1480	0.0244	5.0160
7.1408	0.0176	5.0160
7.1414	0.0128	5.0160
7.1532	0.0131	5.0160
7.1544	0.0166	5.0160
7.1551	0.0262	5.0160
7.1468	0.0213	5.0160
7.1535	0.0088	5.0160
7.1556	0.0237	5.0160
7.1543	0.0281	5.0160
7.1673	0.0207	5.0160
7.1438	0.0185	5.0160
7.1637	0.0138	5.0160
7.1587	0.0211	5.0160
7.1593	0.0158	5.0160
7.1518	0.0241	5.0160
7.1679	0.0205	5.0160
7.1408	0.0214	5.0160
7.1485	0.0166	5.0160
7.1649	0.0127	5.0160
7.1528	0.0203	5.0160
7.1519	0.0276	5.0160
7.1568	0.0268	5.0160
7.1600	0.0213	5.0160
7.1546	0.0197	5.0160
7.1503	0.0128	5.0160
7.1408	0.0215	5.0160
7.1602	0.0102	5.0160
7.1440	0.0234	5.0160
7.1718	0.0242	5.0160
7.1553	0.0224	5.0160
7.1531	0.0173	5.0160
7.1489	0.0243	5.0160
7.1520	0.0208	5.0160
7.1554	0.0167	5.0160
7.1563	0.0115	5.0160
7.1600	0.0228	5.0160
7.1431	0.0233	5.0160
7.1562	0.0161	5.0160
7.1463	0.0200	5.0160
7.1633	0.0254	5.0160
7.1407	0.0229	5.0160
7.1384	0.0175	5.0160
7.1576	0.0156	5.0160
7.1487	0.0263	5.0160
7.1632	0.0145	5.0160
7.1486	0.0151	5.0160
7.1384	0.0219	5.0160
7.1447	0.0223	5.0160
7.1418	0.0207	5.0160
7.1534	0.0187	5.0160
7.1462	0.0169	5.0160
7.1505	0.0193	5.0160
7.1563	0.0212	5.0160
7.1551	0.0196	5.0160
7.1499	0.0276	5.0160
7.1615	0.0232	5.0160
7.1481	0.0142	5.0160
7.1575	0.0238	5.0160
7.1581	0.0132	5.0160
7.1574	0.0343	5.0160
7.1502	0.0172	5.0160
7.1451	0.0240	5.0160
7.1613	0.0099	5.0160
7.1722	0.0156	5.0160
7.1383	0.0337	5.0160
7.1485	0.0307	5.0160
7.1589	0.0209	5.0160
7.1579	0.0276	5.0160
7.1644	0.0120	5.0160
7.1619	0.0183	5.0160
7.1612	0.0207	5.0160
7.1542	0.0240	5.0160
7.1516	0.0224	5.0160
7.1560	0.0194	5.0160
7.1556	0.0207	5.0160
7.1519	0.0227	5.0160
7.1561	0.0271	5.0160
7.1691	0.0226	5.0160
7.1624	0.0129	5.0160
7.1561	0.0204	5.0160
7.1469	0.0165	5.0160
7.1590	0.0239	5.0160
7.1552	0.0255	5.0160
7.1516	0.0210	5.0160
7.1589	0.0155	5.0160
7.1573	0.0360	5.0160
7.1535	0.0204	5.0160
7.1514	0.0242	4.0240
7.4833	0.0267	4.0240
7.4918	0.0175	4.0240
7.4855	0.0112	4.0240
7.4702	0.0309	4.0240
7.4800	0.0226	4.0240
7.4750	0.0186	4.0240
7.4750	0.0269	4.0240
7.4765	0.0115	4.0240
7.4743	0.0290	4.0240
7.4716	0.0142	4.0240
7.4775	0.0255	4.0240
7.4783	0.0145	4.0240
7.4748	0.0191	4.0240
7.4777	0.0204	4.0240
7.4678	0.0163	4.0240
7.4720	0.0281	4.0240
7.4725	0.0286	4.0240
7.4848	0.0257	4.0240
7.4731	0.0266	4.0240
7.4790	0.0290	4.0240
7.4828	0.0203	4.0240
7.4720	0.0203	4.0240
7.4890	0.0237	4.0240
7.4846	0.0205	4.0240
7.4721	0.0192	4.0240
7.4802	0.0223	4.0240
7.4796	0.0211	4.0240
7.4810	0.0188	4.0240
7.4740	0.0303	4.0240
7.4935	0.0332	4.0240
7.4828	0.0236	4.0240
7.4811	0.0286	4.0240
7.4870	0.0261	4.0240
7.4860	0.0153	4.0240
7.4889	0.0329	4.0240
7.4908	0.0154	4.0240
7.4866	0.0321	4.0240
7.4758	0.0301	4.0240
7.4705	0.0281	4.0240
7.4863	0.0139	4.0240
7.4937	0.0209	4.0240
7.4905	0.0141	4.0240
7.4847	0.0176	4.0240
7.4828	0.0260	4.0240
7.4880	0.0242	4.0240
7.4710	0.0345	4.0240
7.4858	0.0230	4.0240
7.4922	0.0277	4.0240
7.4813	0.0389	4.0240
7.4773	0.0252	4.0240
7.4784	0.0237	4.0240
7.4856	0.0313	4.0240
7.4830	0.0305	4.0240
7.4837	0.0287	4.0240
7.4649	0.0296	4.0240
7.4845	0.0180	4.0240
7.4875	0.0174	4.0240
7.4846	0.0220	4.0240
7.4769	0.0289	4.0240
7.4845	0.0181	4.0240
7.4744	0.0204	4.0240
7.4780	0.0185	4.0240
7.4913	0.0350	4.0240
7.4869	0.0283	4.0240
7.4856	0.0135	4.0240
7.4830	0.0308	4.0240
7.4913	0.0252	4.0240
7.4798	0.0167	4.0240
7.4994	0.0185	4.0240
7.4754	0.0267	4.0240
7.4819	0.0246	4.0240
7.4865	0.0252	4.0240
7.4775	0.0286	4.0240
7.4918	0.0188	4.0240
7.4926	0.0270	4.0240
7.4749	0.0349	4.0240
7.4909	0.0180	4.0240
7.4885	0.0241	4.0240
7.4838	0.0209	4.0240
7.4813	0.0209	4.0240
7.4866	0.0235	4.0240
7.4963	0.0271	4.0240
7.4827	0.0197	4.0240
7.4778	0.0224	4.0240
7.4850	0.0204	4.0240
7.4788	0.0206	4.0240
7.4848	0.0237	4.0240
7.4674	0.0290	4.0240
7.4872	0.0187	4.0240
7.4851	0.0342	4.0240
7.4872	0.0240	4.0240
7.4831	0.0204	4.0240
7.4984	0.0216	4.0240
7.4950	0.0214	4.0240
7.4777	0.0234	4.0240
7.4736	0.0218	4.0240
7.4818	0.0185	4.0240
7.4868	0.0174	4.0240
7.4796	0.0141	4.0240
7.4793	0.0272	4.0240
7.4838	0.0291	4.0240
7.4878	0.0209	4.0240
7.4979	0.0184	4.0240
7.4787	0.0294	4.0240
7.4957	0.0192	4.0240
7.5026	0.0242	4.0240
7.4834	0.0307	4.0240
7.4807	0.0268	4.0240
7.4766	0.0219	4.0240
7.4783	0.0127	4.0240
7.4684	0.0291	4.0240
7.4878	0.0143	4.0240
7.4883	0.0274	4.0240
7.4841	0.0288	4.0240
7.4789	0.0174	4.0240
7.4923	0.0149	4.0240
7.4893	0.0279	4.0240
7.4681	0.0171	4.0240
7.4870	0.0207	4.0240
7.4876	0.0264	4.0240
7.4826	0.0157	4.0240
7.4871	0.0287	4.0240
7.4869	0.0262	4.0240
7.4704	0.0239	4.0240
7.4903	0.0197	4.0240
7.4984	0.0165	4.0240
7.4896	0.0207	4.0240
7.4755	0.0279	4.0240
7.4780	0.0293	4.0240
7.4815	0.0212	4.0240
7.4960	0.0186	4.0240
7.4898	0.0164	4.0240
7.4698	0.0215	4.0240
7.4862	0.0193	4.0240
7.4772	0.0227	4.0240
7.4947	0.0136	4.0240
7.4917	0.0183	4.0240
7.4804	0.0221	4.0240
7.4896	0.0209	4.0240
7.4821	0.0257	4.0240
7.4737	0.0349	4.0240
7.4851	0.0183	4.0240
7.4988	0.0123	4.0240
7.4760	0.0248	4.0240
7.4877	0.0197	4.0240
7.4915	0.0285	4.0240
7.4706	0.0293	4.0240
7.4919	0.0250	4.0240
7.4791	0.0171	4.0240
7.4811	0.0280	4.0240
7.4862	0.0195	4.0240
7.4835	0.0315	4.0240
7.4788	0.0178	4.0240
7.4912	0.0196	4.0240
7.4866	0.0292	4.0240
7.4798	0.0298	4.0240
7.4936	0.0307	4.0240
7.4903	0.0174	4.0240
7.4861	0.0301	4.0240
7.4890	0.0242	4.0240
7.4959	0.0270	4.0240
7.4736	0.0348	4.0240
7.4855	0.0282	4.0240
7.4724	0.0241	4.0240
7.4721	0.0234	4.0240
7.4793	0.0249	4.0240
7.4960	0.0184	4.0240
7.4820	0.0171	4.0240
7.4807	0.0227	4.0240
7.5051	0.0326	4.0240
7.4744	0.0300	4.0240
7.4859	0.0234	4.0240
7.4977	0.0267	4.0240
7.4866	0.0204	4.0240
7.4808	0.0223	4.0240
7.4702	0.0144	4.0240
7.4944	0.0192	4.0240
7.4758	0.0258	4.0240
7.4813	0.0197	4.0240
7.4835	0.0174	4.0240
7.4921	0.0209	4.0240
7.4842	0.0247	4.0240
7.4987	0.0285	4.0240
7.4820	0.0271	4.0240
7.4705	0.0223	4.0240
7.4831	0.0241	4.0240
7.4879	0.0343	4.0240
7.4872	0.0183	4.0240
7.4833	0.0194	4.0240
7.4871	0.0297	4.0240
7.4811	0.0180	4.0240
7.4833	0.0258	4.0240
7.4756	0.0244	4.0240
7.4818	0.0196	4.0240
7.4848	0.0207	4.0240
7.4769	0.0175	4.0240
7.4910	0.0269	4.0240
7.4972	0.0204	4.0240
7.4849	0.0241	4.0240
7.4953	0.0187	4.0240
7.4774	0.0194	4.0240
7.4918	0.0216	4.0240
7.4873	0.0240	4.0240
7.4757	0.0222	4.0240
7.4787	0.0284	4.0240
7.4710	0.0266	4.0240
7.4709	0.0208	4.0240
7.4930	0.0204	4.0240
7.4776	0.0201	4.0240
7.4871	0.0188	4.0240
7.4762	0.0174	4.0240
7.4803	0.0171	4.0240
7.4885	0.0196	4.0240
7.5004	0.0207	4.0240
7.4817	0.0203	4.0240
7.4850	0.0193	4.0240
7.4871	0.0209	4.0240
7.4813	0.0271	4.0240
7.4843	0.0259	4.0240
7.4799	0.0239	4.0240
7.4973	0.0142	4.0240
7.4799	0.0292	4.0240
7.4848	0.0346	4.0240
7.4922	0.0273	4.0240
7.4891	0.0189	4.0240
7.4880	0.0308	4.0240
7.4867	0.0209	4.0240
7.4816	0.0227	4.0240
7.4799	0.0300	4.0240
7.4834	0.0208	4.0240
7.4958	0.0117	4.0240
7.4782	0.0250	4.0240
7.4702	0.0196	4.0240
7.4965	0.0209	4.0240
7.4944	0.0232	4.0240
7.4772	0.0274	4.0240
7.4959	0.0170	4.0240
7.4896	0.0208	4.0240
7.4704	0.0180	4.0240
7.4872	0.0229	4.0240
7.4845	0.0252	4.0240
7.4863	0.0318	4.0240
7.4858	0.0183	4.0240
7.4644	0.0222	4.0240
7.4764	0.0306	4.0240
7.4801	0.0235	4.0240
7.4798	0.0264	4.0240
7.4865	0.0208	4.0240
7.4967	0.0134	4.0240
7.4757	0.0198	4.0240
7.4916	0.0248	4.0240
7.4870	0.0283	4.0240
7.4810	0.0259	4.0240
7.4756	0.0201	4.0240
7.4821	0.0322	4.0240
7.4834	0.0242	4.0240
7.4853	0.0271	4.0240
7.4918	0.0252	4.0240
7.5043	0.0126	4.0240
7.4963	0.0150	4.0240
7.5051	0.0289	4.0240
7.4909	0.0215	4.0240
7.4887	0.0170	4.0240
7.4902	0.0160	4.0240
7.4787	0.0210	4.0240
7.4955	0.0146	4.0240
7.4850	0.0227	4.0240
7.5029	0.0218	4.0240
7.4872	0.0297	4.0240
7.4835	0.0354	4.0240
7.4924	0.0238	4.0240
7.4872	0.0239	4.0240
7.4972	0.0214	4.0240
7.4847	0.0228	4.0240
7.4909	0.0221	4.0240
7.4980	0.0277	4.0240
7.4771	0.0206	4.0240
7.4869	0.0164	4.0240
7.4870	0.0155	4.0240
7.5037	0.0195	4.0240
7.4946	0.0265	4.0240
7.4793	0.0195	4.0240
7.4845	0.0221	4.0240
7.4815	0.0213	4.0240
7.4844	0.0160	4.0240
7.5124	0.0134	4.0240
7.4870	0.0234	4.0240
7.4841	0.0158	4.0240
7.5019	0.0185	4.0240
7.4817	0.0188	4.0240
7.5101	0.0253	4.0240
7.4871	0.0271	4.0240
7.4905	0.0266	4.0240
7.4898	0.0259	4.0240
7.4885	0.0157	4.0240
7.5000	0.0277	4.0240
7.4802	0.0245	4.0240
7.4975	0.0197	4.0240
7.4973	0.0243	4.0240
7.4994	0.0249	4.0240
7.4905	0.0178	4.0240
7.4861	0.0265	4.0240
7.5054	0.0194	4.0240
7.4981	0.0241	4.0240
7.5052	0.0242	4.0240
7.4974	0.0259	4.0240
7.4888	0.0292	4.0240
7.5142	0.0154	4.0240
7.4969	0.0201	4.0240
7.4946	0.0160	4.0240
7.4893	0.0196	4.0240
7.4924	0.0212	4.0240
7.4847	0.0183	4.0240
7.5031	0.0215	4.0240
7.4851	0.0205	4.0240
7.4968	0.0161	4.0240
7.4988	0.0192	4.0240
7.4903	0.0156	4.0240
7.4821	0.0265	4.0240
7.4993	0.0279	4.0240
7.4870	0.0213	4.0240
7.4886	0.0219	4.0240
7.4948	0.0335	4.0240
7.5003	0.0187	4.0240
7.4896	0.0178	4.0240
7.4948	0.0186	4.0240
7.4869	0.0301	4.0240
7.5044	0.0206	4.0240
7.5028	0.0225	4.0240
7.4942	0.0225	4.0240
7.4925	0.0199	4.0240
7.4931	0.0309	4.0240
7.4843	0.0209	4.0240
7.4947	0.0269	4.0240
7.4962	0.0243	4.0240
7.4807	0.0193	4.0240
7.5043	0.0205	4.0240
7.5022	0.0210	4.0240
7.4876	0.0212	4.0240
7.4941	0.0219	4.0240
7.4997	0.0119	4.0240
7.4924	0.0218	4.0240
7.5128	0.0271	4.0240
7.4902	0.0130	4.0240
7.4961	0.0159	4.0240
7.4906	0.0161	4.0240
7.5013	0.0253	4.0240
7.4799	0.0285	4.0240
7.5053	0.0322	4.0240
7.4911	0.0255	4.0240
7.5095	0.0183	4.0240
7.5035	0.0130	4.0240
7.4998	0.0295	4.0240
7.4987	0.0231	4.0240
7.5121	0.0183	4.0240
7.5046	0.0254	4.0240
7.4909	0.0215	4.0240
7.4892	0.0171	4.0240
7.5006	0.0247	4.0240
7.5086	0.0128	4.0240
7.4912	0.0346	4.0240
7.4980	0.0274	4.0240
7.5028	0.0145	4.0240
7.5038	0.0245	4.0240
7.4941	0.0261	4.0240
7.4945	0.0224	4.0240
7.4947	0.0254	4.0240
7.4950	0.0308	4.0240
7.4970	0.0230	4.0240
7.5033	0.0203	4.0240
7.5064	0.0220	4.0240
7.5056	0.0129	4.0240
7.5050	0.0243	4.0240
7.5036	0.0146	4.0240
7.5003	0.0275	4.0240
7.5069	0.0150	4.0240
7.5138	0.0166	4.0240
7.4929	0.0364	4.0240
7.5043	0.0172	4.0240
7.5000	0.0265	4.0240
7.5118	0.0145	4.0240
7.5098	0.0155	4.0240
7.4982	0.0289	4.0240
7.4929	0.0243	4.0240
7.4921	0.0281	4.0240
7.5033	0.0235	4.0240
7.4987	0.0213	4.0240
7.5072	0.0192	4.0240
7.5060	0.0214	4.0240
7.5054	0.0226	4.0240
7.4886	0.0174	4.0240
7.5081	0.0238	4.0240
7.4943	0.0280	4.0240
7.4960	0.0189	4.0240
7.5081	0.0157	4.0240
7.4970	0.0235	4.0240
7.4990	0.0219	4.0240
7.5003	0.0218	4.0240
7.4975	0.0228	4.0240
7.5096	0.0312	4.0240
7.4889	0.0261	4.0240
7.4949	0.0227	4.0240
7.4978	0.0127	4.0240
7.4995	0.0191	4.0240
7.4989	0.0242	4.0240
7.5066	0.0216	4.0240
7.4908	0.0223	4.0240
7.5026	0.0236	4.0240
7.5029	0.0239	4.0240
7.5062	0.0277	4.0240
7.4946	0.0264	4.0240
7.4938	0.0223	4.0240
7.5092	0.0286	4.0240
7.4923	0.0195	4.0240
7.4946	0.0167	4.0240
7.5041	0.0129	4.0240
7.4924	0.0274	4.0240
7.4915	0.0152	4.0240
7.4966	0.0239	4.0240
7.4944	0.0223	4.0240
7.5066	0.0213	4.0240
7.4965	0.0183	4.0240
7.4974	0.0342	4.0240
7.4987	0.0211	4.0240
7.5032	0.0258	4.0240
7.5078	0.0198	4.0240
7.4984	0.0089	4.0240
7.4887	0.0253	4.0240
7.4978	0.0269	4.0240
7.4996	0.0176	4.0240
7.4804	0.0330	4.0240
7.5050	0.0183	4.0240
7.5124	0.0154	4.0240
7.4997	0.0245	4.0240
7.4966	0.0199	4.0240
7.4951	0.0235	4.0240
7.5139	0.0264	4.0240
7.5075	0.0291	4.0240
7.4953	0.0251	4.0240
7.4941	0.0181	4.0240
7.4982	0.0237	4.0240
7.5086	0.0206	4.0240
7.4946	0.0296	4.0240
7.4991	0.0254	4.0240
7.4963	0.0278	4.0240
7.4927	0.0265	4.0240
7.5022	0.0241	4.0240
