#created automatically by Plunger Feedback Control for Linux (PFCL) 
#date: 24/03/2023 17.43
#order: spg. SD spg
#pc: DESKTOP-G0MI776
#run: 0007
#distcal: distcal_helium_24032023
#sollabstand: 2

7.5111	0.0211	4.0240
7.4901	0.0353	4.0240
7.4947	0.0198	4.0240
7.5044	0.0218	4.0240
7.5002	0.0172	4.0240
7.5017	0.0217	4.0240
7.4881	0.0221	4.0240
7.5000	0.0191	4.0240
7.4933	0.0290	4.0240
7.4921	0.0197	4.0240
7.5073	0.0352	4.0240
7.5092	0.0134	4.0240
7.4953	0.0184	4.0240
7.5088	0.0290	4.0240
7.5019	0.0190	4.0240
7.5130	0.0312	4.0240
7.4868	0.0237	4.0240
7.5090	0.0243	4.0240
7.5063	0.0162	4.0240
7.5005	0.0161	4.0240
7.5095	0.0297	4.0240
7.4949	0.0216	4.0240
7.5054	0.0333	4.0240
7.4926	0.0198	4.0240
7.5046	0.0278	4.0240
7.5118	0.0207	4.0240
7.5026	0.0226	4.0240
7.5072	0.0241	4.0240
7.4988	0.0135	4.0240
7.5065	0.0139	4.0240
7.5060	0.0141	4.0240
7.5018	0.0361	4.0240
7.5098	0.0169	4.0240
9.6561	1.4709	3.0160
10.5696	0.0002	3.1160
10.5698	0.0004	3.2160
10.5697	0.0003	3.3240
10.5695	0.0004	3.4040
10.5697	0.0004	3.5320
10.5697	0.0004	3.6240
10.5697	0.0003	3.7200
10.5697	0.0003	3.8240
10.5698	0.0003	3.8240
10.5699	0.0004	3.8240
10.5696	0.0003	3.8240
10.5697	0.0004	3.8240
10.5696	0.0003	3.8240
10.5697	0.0003	3.8240
10.5698	0.0003	3.8240
10.5697	0.0003	3.8240
10.5696	0.0003	3.8240
10.5696	0.0005	3.9200
10.5698	0.0004	3.9200
10.5696	0.0004	3.9200
10.5696	0.0003	3.9200
10.5695	0.0004	3.9200
10.5696	0.0003	3.9200
10.5696	0.0003	3.9200
10.5697	0.0004	3.9200
10.5696	0.0004	3.9200
10.5696	0.0003	3.9200
10.5697	0.0002	3.9200
10.5698	0.0003	3.9200
10.5697	0.0003	3.9200
10.5697	0.0003	3.9200
10.5697	0.0005	3.9200
10.5696	0.0004	4.9160
10.5696	0.0003	4.9160
10.5696	0.0004	4.9160
10.5697	0.0003	4.9160
10.5696	0.0003	4.9160
10.5695	0.0002	4.9160
10.5695	0.0003	4.9160
10.5696	0.0003	4.9160
10.5695	0.0002	4.9160
10.5695	0.0004	4.9160
10.5695	0.0004	5.9120
6.4498	0.0203	5.9120
6.4444	0.0136	5.9120
6.4422	0.0131	5.9120
6.4409	0.0161	5.9120
6.4435	0.0156	5.9120
6.4448	0.0153	5.9120
6.4443	0.0233	5.9120
6.4465	0.0151	5.9120
6.4562	0.0131	5.9120
6.4511	0.0191	5.9120
6.4454	0.0121	5.9120
6.4433	0.0229	5.9120
6.4470	0.0187	5.9120
6.4438	0.0175	5.9120
6.4489	0.0108	5.9120
6.4502	0.0108	5.9120
6.4393	0.0150	5.9120
6.4444	0.0103	5.9120
6.4411	0.0127	5.9120
6.4544	0.0100	5.9120
6.4473	0.0137	5.9120
6.4479	0.0093	6.9200
6.6699	0.0126	6.9200
6.6706	0.0174	6.9200
6.6762	0.0137	6.9200
6.6701	0.0125	6.9200
6.6833	0.0123	6.9200
6.6803	0.0256	6.9200
6.6725	0.0216	6.9200
6.6830	0.0168	5.9120
6.9368	0.0146	5.9120
6.9335	0.0157	5.9120
6.9248	0.0209	5.9120
6.9234	0.0218	5.9120
6.9270	0.0232	5.9120
6.9220	0.0213	5.9120
6.9199	0.0160	5.9120
6.9339	0.0209	5.9120
6.9200	0.0204	5.9120
6.9294	0.0159	4.9320
10.5695	0.0003	4.9320
10.5697	0.0004	4.9320
10.5697	0.0004	4.9320
10.5696	0.0004	4.9320
10.5696	0.0003	4.9320
10.5695	0.0004	3.9160
10.5696	0.0003	3.9160
10.5697	0.0006	3.9160
10.5696	0.0002	3.9160
10.5695	0.0004	3.9160
10.5696	0.0003	4.9160
10.5696	0.0004	4.9160
10.5697	0.0004	4.9160
10.5695	0.0003	4.9160
10.5696	0.0005	4.9160
10.5696	0.0005	4.9160
10.5697	0.0003	4.9160
10.5697	0.0002	4.9160
10.5697	0.0004	5.9200
6.4487	0.0176	5.9200
6.4466	0.0148	5.9200
6.4416	0.0110	5.9200
6.4529	0.0065	5.9200
6.4507	0.0166	5.9200
6.4401	0.0148	5.9200
6.4420	0.0186	5.9200
6.4387	0.0139	5.9200
6.4484	0.0129	5.9200
6.4390	0.0162	5.9200
6.4434	0.0143	5.9200
6.4425	0.0200	5.9200
6.4306	0.0083	5.9200
6.4450	0.0226	5.9200
6.4464	0.0139	5.9200
6.4432	0.0128	6.9200
6.6759	0.0104	6.9200
6.6713	0.0188	6.9200
6.6763	0.0163	6.9200
6.6764	0.0179	6.9200
6.6737	0.0202	6.9200
6.6747	0.0142	6.9200
6.6779	0.0232	6.9200
6.6723	0.0199	6.9200
6.6822	0.0131	6.9200
6.6764	0.0118	6.9200
6.6754	0.0164	6.9200
6.6732	0.0203	6.9200
6.6819	0.0141	6.9200
6.6762	0.0255	6.9200
6.6831	0.0115	6.9200
6.6684	0.0144	6.9200
6.6785	0.0169	6.9200
6.6640	0.0260	6.9200
6.6662	0.0211	6.9200
6.6731	0.0103	6.9200
6.6762	0.0230	6.9200
6.6795	0.0160	6.9200
6.6832	0.0180	6.9200
6.6737	0.0149	6.9200
6.6743	0.0146	6.9200
6.6683	0.0201	6.9200
6.6763	0.0242	6.9200
6.6800	0.0132	6.9200
6.6770	0.0133	6.9200
6.6689	0.0187	6.9200
6.6799	0.0206	6.9200
6.6837	0.0134	6.9200
6.6799	0.0177	6.9200
6.6695	0.0199	6.9200
6.6739	0.0183	6.9200
6.6839	0.0171	6.9200
6.6754	0.0155	6.9200
6.6838	0.0121	6.9200
6.6667	0.0168	6.9200
6.6714	0.0193	6.9200
6.6719	0.0158	6.9200
6.6774	0.0151	6.9200
6.6900	0.0169	6.9200
6.6805	0.0154	6.9200
6.6720	0.0175	6.9200
6.6827	0.0211	6.9200
6.6790	0.0202	6.9200
6.6723	0.0236	6.9200
6.6812	0.0205	6.9200
6.6646	0.0207	6.9200
6.6745	0.0224	6.9200
6.6796	0.0182	6.9200
6.6852	0.0165	6.9200
6.6857	0.0143	6.9200
6.6749	0.0178	6.9200
6.6770	0.0159	6.9200
6.6766	0.0266	6.9200
6.6770	0.0189	6.9200
6.6854	0.0161	6.9200
6.6764	0.0161	6.9200
6.6776	0.0198	6.9200
6.6739	0.0206	6.9200
6.6756	0.0162	6.9200
6.6814	0.0202	6.9200
6.6781	0.0139	6.9200
6.6780	0.0184	6.9200
6.6756	0.0156	6.9200
6.6865	0.0141	6.9200
6.6666	0.0181	6.9200
6.6773	0.0146	6.9200
6.6749	0.0143	6.9200
6.6773	0.0176	6.9200
6.6737	0.0220	6.9200
6.6757	0.0208	6.9200
6.6767	0.0118	6.9200
6.6805	0.0122	6.9200
6.6741	0.0173	6.9200
6.6747	0.0236	6.9200
6.6757	0.0114	6.9200
6.6778	0.0115	6.9200
6.6710	0.0170	6.9200
6.6817	0.0253	6.9200
6.6767	0.0149	6.9200
6.6780	0.0170	6.9200
6.6774	0.0134	6.9200
6.6724	0.0171	6.9200
6.6763	0.0162	6.9200
6.6752	0.0158	5.9280
6.9245	0.0182	5.9280
6.9207	0.0238	5.9280
6.9288	0.0207	5.9280
6.9272	0.0152	5.9280
6.9237	0.0263	5.9280
6.9281	0.0138	5.9280
6.9314	0.0249	5.9280
6.9138	0.0236	5.9280
6.9351	0.0137	5.9280
6.9239	0.0112	5.9280
6.9231	0.0161	5.9280
6.9282	0.0194	5.9280
6.9162	0.0160	5.9280
6.9254	0.0229	5.9280
6.9331	0.0232	5.9280
6.9219	0.0190	5.9280
6.9257	0.0279	5.9280
6.9288	0.0128	5.9280
6.9265	0.0167	5.9280
6.9259	0.0143	5.9280
6.9244	0.0186	5.9280
6.9319	0.0234	5.9280
6.9237	0.0278	5.9280
6.9253	0.0185	5.9280
6.9332	0.0217	5.9280
6.9306	0.0166	5.9280
6.9218	0.0172	5.9280
6.9256	0.0171	5.9280
6.9174	0.0249	5.9280
6.9216	0.0262	5.9280
6.9263	0.0218	5.9280
6.9238	0.0265	5.9280
6.9444	0.0172	5.9280
6.9370	0.0138	5.9280
6.9400	0.0232	5.9280
6.9254	0.0105	5.9280
6.9304	0.0168	5.9280
6.9226	0.0181	5.9280
6.9206	0.0076	5.9280
6.9235	0.0231	5.9280
6.9261	0.0180	5.9280
6.9306	0.0128	5.9280
6.9275	0.0091	5.9280
6.9381	0.0137	5.9280
6.9275	0.0129	5.9280
6.9236	0.0141	5.9280
6.9282	0.0192	5.9280
6.9287	0.0130	5.9280
6.9209	0.0238	5.9280
6.9264	0.0147	5.9280
6.9347	0.0162	5.9280
6.9281	0.0145	5.9280
6.9303	0.0110	5.9280
6.9115	0.0160	5.9280
6.9205	0.0205	5.9280
6.9312	0.0188	5.9280
6.9263	0.0097	5.9280
6.9344	0.0224	5.9280
6.9212	0.0180	5.9280
6.9285	0.0198	5.9280
6.9278	0.0141	5.9280
6.9268	0.0174	5.9280
6.9314	0.0105	5.9280
6.9257	0.0119	5.9280
6.9346	0.0159	5.9280
6.9250	0.0151	5.9280
6.9339	0.0101	5.9280
6.9225	0.0212	5.9280
6.9242	0.0078	5.9280
6.9217	0.0128	4.9280
7.2120	0.0158	4.9280
7.2092	0.0314	4.9280
7.2013	0.0223	4.9280
7.2101	0.0207	4.9280
7.2070	0.0260	4.9280
7.2047	0.0146	4.9280
7.2094	0.0159	4.9280
7.2118	0.0292	4.9280
7.2202	0.0184	4.9280
7.2131	0.0226	4.9280
7.2150	0.0192	4.9280
7.2231	0.0157	4.9280
7.2050	0.0297	4.9280
7.2014	0.0250	4.9280
7.2181	0.0185	4.9280
7.2150	0.0228	4.9280
7.2073	0.0169	4.9280
7.2159	0.0257	4.9280
7.2091	0.0199	4.9280
7.2090	0.0297	4.9280
7.2104	0.0195	4.9280
7.2199	0.0216	4.9280
7.2149	0.0235	4.9280
7.2045	0.0192	4.9280
7.2202	0.0166	4.9280
7.2183	0.0170	4.9280
7.2151	0.0231	4.9280
7.2064	0.0145	4.9280
7.2110	0.0225	4.9280
7.2101	0.0089	4.9280
7.2161	0.0151	4.9280
7.2095	0.0263	4.9280
7.2104	0.0114	4.9280
7.2106	0.0255	4.9280
7.2242	0.0087	4.9280
7.2069	0.0219	4.9280
7.2116	0.0292	4.9280
7.2201	0.0160	4.9280
7.2126	0.0188	4.9280
7.2107	0.0197	4.9280
7.2140	0.0240	4.9280
7.2165	0.0202	4.9280
7.2163	0.0177	4.9280
7.2284	0.0177	4.9280
7.2177	0.0259	4.9280
7.2080	0.0178	4.9280
7.2209	0.0120	4.9280
7.2191	0.0213	4.9280
7.2116	0.0155	4.9280
7.2109	0.0158	4.9280
7.2125	0.0201	4.9280
7.2075	0.0145	4.9280
7.2217	0.0169	4.9280
7.2085	0.0254	4.9280
7.2194	0.0119	4.9280
7.2075	0.0208	4.9280
7.2121	0.0228	4.9280
7.2235	0.0260	4.9280
7.2077	0.0202	4.9280
7.2137	0.0229	4.9280
7.2132	0.0118	4.9280
7.2198	0.0149	4.9280
7.2160	0.0194	4.9280
7.2129	0.0132	4.9280
7.2107	0.0205	4.9280
7.2231	0.0187	4.9280
7.2124	0.0164	4.9280
7.2123	0.0223	4.9280
7.1948	0.0158	4.9280
7.2161	0.0175	4.9280
7.2079	0.0188	4.9280
7.2140	0.0110	4.9280
7.2078	0.0279	4.9280
7.2161	0.0198	4.9280
7.2116	0.0164	4.9280
7.2039	0.0238	4.9280
7.2124	0.0180	4.9280
7.2122	0.0158	4.9280
7.2034	0.0150	4.9280
7.2160	0.0207	4.9280
7.2068	0.0248	4.9280
7.2081	0.0185	4.9280
7.2177	0.0124	4.9280
7.1961	0.0238	4.9280
7.2145	0.0223	4.9280
7.2157	0.0220	4.9280
7.2096	0.0146	4.9280
7.2089	0.0267	4.9280
7.2072	0.0180	4.9280
7.2107	0.0242	4.9280
7.2087	0.0214	4.9280
7.2096	0.0158	4.9280
7.2096	0.0204	4.9280
7.2098	0.0118	4.9280
7.2190	0.0201	4.9280
7.2038	0.0145	4.9280
7.2168	0.0181	4.9280
7.2139	0.0209	4.9280
7.2165	0.0214	4.9280
7.2182	0.0149	4.9280
7.2181	0.0157	4.9280
7.2177	0.0173	4.9280
7.2089	0.0191	4.9280
7.2154	0.0246	4.9280
7.2138	0.0247	4.9280
7.2161	0.0192	4.9280
7.2211	0.0153	4.9280
7.2160	0.0198	4.9280
