#created automatically by Plunger Feedback Control for Linux (PFCL) 
#date: 24/03/2023 19.25
#order: spg. SD spg
#pc: DESKTOP-G0MI776
#run: 0012
#distcal: distcal_helium_24032023
#sollabstand: 3

7.1348	0.0123	3.5320
7.1399	0.0216	3.5320
7.1395	0.0155	3.5320
7.1382	0.0242	3.5320
7.1515	0.0174	3.5320
7.1542	0.0164	3.5320
7.1456	0.0116	3.5320
7.1390	0.0153	3.5320
7.1493	0.0176	3.5320
7.1404	0.0191	3.5320
7.1426	0.0139	3.5320
7.1406	0.0176	3.5320
7.1342	0.0191	3.5320
7.1500	0.0270	3.5320
7.1515	0.0173	3.5320
7.1573	0.0146	3.5320
7.1437	0.0232	3.5320
7.1426	0.0183	3.5320
7.1533	0.0177	3.5320
7.1488	0.0192	3.5320
7.1382	0.0153	3.5320
7.1426	0.0220	3.5320
7.1541	0.0182	3.5320
7.1390	0.0199	3.5320
7.1558	0.0143	3.5320
7.1472	0.0276	3.5320
7.1439	0.0193	3.5320
7.1452	0.0240	3.5320
7.1510	0.0146	3.5320
7.1469	0.0111	3.5320
7.1539	0.0115	3.5320
7.1348	0.0176	3.5320
7.1451	0.0222	3.5320
7.1480	0.0186	3.5320
7.1519	0.0190	3.5320
7.1487	0.0193	3.5320
7.1483	0.0197	3.5320
7.1537	0.0176	3.5320
7.1510	0.0141	3.5320
7.1576	0.0115	3.5320
7.1440	0.0176	3.5320
7.1393	0.0238	3.5320
7.1491	0.0143	3.5320
7.1427	0.0200	3.5320
7.1434	0.0185	3.5320
7.1397	0.0135	3.5320
7.1504	0.0186	3.5320
7.1559	0.0115	3.5320
7.1309	0.0239	3.5320
7.1402	0.0165	3.5320
7.1485	0.0152	3.5320
7.1370	0.0209	3.5320
7.1314	0.0200	3.5320
7.1458	0.0226	3.5320
7.1503	0.0130	3.5320
7.1394	0.0152	3.5320
7.1369	0.0196	3.5320
7.1461	0.0261	3.5320
7.1495	0.0164	3.5320
7.1491	0.0127	3.5320
7.1452	0.0167	3.5320
7.1459	0.0211	3.5320
7.1483	0.0210	3.5320
7.1376	0.0178	3.5320
7.1414	0.0136	3.5320
7.1519	0.0163	3.5320
7.1501	0.0202	3.5320
7.1451	0.0208	3.5320
7.1390	0.0239	3.5320
7.1479	0.0211	3.5320
7.1329	0.0145	3.5320
7.1525	0.0099	3.5320
7.1379	0.0178	3.5320
7.1398	0.0196	3.5320
7.1401	0.0201	3.5320
7.1400	0.0169	3.5320
7.1499	0.0144	3.5320
7.1388	0.0194	3.5320
7.1482	0.0217	3.5320
7.1428	0.0138	3.5320
7.1554	0.0161	3.5320
7.1495	0.0151	3.5320
7.1294	0.0185	3.5320
7.1443	0.0206	3.5320
7.1546	0.0115	3.5320
7.1368	0.0175	3.5320
7.1467	0.0152	3.5320
7.1529	0.0176	3.5320
7.1432	0.0202	3.5320
7.1505	0.0142	3.5320
7.1560	0.0162	3.5320
7.1457	0.0203	3.5320
7.1453	0.0152	3.5320
7.1365	0.0206	3.5320
7.1450	0.0249	3.5320
7.1404	0.0193	3.5320
7.1440	0.0203	3.5320
7.1346	0.0163	3.5320
7.1362	0.0177	3.5320
7.1483	0.0160	3.5320
7.1504	0.0150	3.5320
7.1445	0.0174	3.5320
7.1442	0.0143	3.5320
7.1583	0.0189	3.5320
7.1372	0.0167	3.5320
7.1393	0.0137	3.5320
7.1483	0.0181	3.5320
7.1464	0.0170	3.5320
7.1436	0.0213	3.5320
7.1348	0.0200	3.5320
7.1514	0.0097	3.5320
7.1359	0.0217	3.5320
7.1589	0.0124	3.5320
7.1442	0.0193	3.5320
7.1458	0.0228	3.5320
7.1438	0.0183	3.5320
7.1340	0.0162	3.5320
7.1440	0.0162	3.5320
7.1530	0.0192	3.5320
7.1476	0.0145	3.5320
7.1414	0.0157	3.5320
7.1519	0.0136	3.5320
7.1417	0.0208	3.5320
7.1353	0.0124	3.5320
7.1337	0.0187	3.5320
7.1600	0.0122	3.5320
7.1560	0.0154	3.5320
7.1408	0.0196	3.5320
7.1517	0.0211	3.5320
7.1540	0.0080	3.5320
7.1526	0.0230	3.5320
7.1407	0.0239	3.5320
7.1605	0.0146	3.5320
7.1475	0.0196	3.5320
7.1423	0.0145	3.5320
7.1406	0.0200	3.5320
7.1445	0.0187	3.5320
7.1400	0.0192	3.5320
7.1450	0.0208	3.5320
7.1478	0.0104	3.5320
7.1492	0.0103	3.5320
7.1402	0.0141	3.5320
7.1535	0.0187	3.5320
7.1405	0.0210	3.5320
7.1460	0.0130	3.5320
7.1395	0.0174	3.5320
7.1625	0.0223	3.5320
7.1359	0.0112	3.5320
7.1468	0.0216	3.5320
7.1528	0.0144	3.5320
7.1469	0.0147	3.5320
7.1390	0.0127	3.5320
7.1485	0.0238	3.5320
7.1553	0.0139	3.5320
7.1506	0.0129	3.5320
7.1452	0.0123	3.5320
7.1459	0.0135	3.5320
7.1438	0.0149	3.5320
7.1370	0.0112	3.5320
7.1460	0.0242	3.5320
7.1444	0.0214	3.5320
7.1455	0.0214	3.5320
7.1449	0.0179	3.5320
7.1449	0.0194	3.5320
7.1498	0.0172	3.5320
7.1383	0.0174	3.5320
7.1515	0.0247	3.5320
7.1421	0.0235	3.5320
7.1386	0.0152	3.5320
7.1502	0.0187	3.5320
7.1376	0.0220	3.5320
7.1533	0.0077	3.5320
7.1404	0.0170	3.5320
7.1483	0.0201	3.5320
7.1446	0.0224	3.5320
7.1527	0.0104	3.5320
7.1430	0.0204	3.5320
7.1551	0.0280	3.5320
7.1393	0.0206	3.5320
7.1470	0.0146	3.5320
7.1444	0.0235	3.5320
7.1503	0.0175	3.5320
7.1418	0.0206	3.5320
7.1430	0.0086	3.5320
7.1401	0.0152	3.5320
7.1426	0.0273	3.5320
7.1445	0.0242	3.5320
7.1411	0.0122	3.5320
7.1499	0.0268	3.5320
7.1527	0.0113	3.5320
7.1263	0.0156	3.5320
7.1378	0.0250	3.5320
7.1421	0.0243	3.5320
7.1388	0.0122	3.5320
7.1476	0.0166	3.5320
7.1353	0.0193	3.5320
7.1442	0.0168	3.5320
7.1435	0.0184	3.5320
7.1431	0.0158	3.5320
7.1414	0.0169	3.5320
7.1408	0.0200	3.5320
7.1483	0.0153	3.5320
7.1438	0.0193	3.5320
7.1328	0.0136	3.5320
7.1379	0.0106	3.5320
7.1424	0.0110	3.5320
7.1438	0.0180	3.5320
7.1410	0.0204	3.5320
7.1406	0.0139	3.5320
7.1538	0.0090	3.5320
7.1519	0.0136	3.5320
7.1472	0.0157	3.5320
7.1545	0.0147	3.5320
7.1486	0.0208	3.5320
7.1396	0.0213	3.5320
7.1545	0.0137	3.5320
7.1443	0.0159	3.5320
7.1420	0.0216	3.5320
7.1400	0.0174	3.5320
7.1436	0.0146	3.5320
7.1408	0.0157	3.5320
7.1377	0.0175	3.5320
7.1450	0.0252	3.5320
7.1421	0.0273	3.5320
7.1361	0.0171	3.5320
7.1286	0.0124	3.5320
7.1452	0.0177	3.5320
7.1527	0.0212	3.5320
7.1412	0.0229	3.5320
7.1467	0.0156	3.5320
7.1488	0.0171	3.5320
7.1473	0.0181	3.5320
7.1422	0.0198	3.5320
7.1397	0.0114	3.5320
7.1488	0.0236	3.5320
7.1509	0.0188	3.5320
7.1425	0.0176	3.5320
7.1241	0.0142	3.5320
7.1418	0.0172	3.5320
7.1339	0.0172	3.5320
7.1372	0.0193	3.5320
7.1427	0.0268	3.5320
7.1379	0.0149	3.5320
7.1252	0.0162	3.5320
7.1383	0.0213	3.5320
7.1413	0.0181	3.5320
7.1357	0.0169	3.5320
7.1451	0.0244	3.5320
7.1494	0.0179	3.5320
7.1310	0.0129	3.5320
7.1373	0.0156	3.5320
7.1510	0.0159	3.5320
7.1311	0.0174	3.5320
7.1483	0.0171	3.5320
7.1420	0.0149	3.5320
7.1509	0.0182	3.5320
7.1407	0.0182	3.5320
7.1393	0.0234	3.5320
7.1416	0.0146	3.5320
7.1350	0.0114	3.5320
7.1358	0.0195	3.5320
7.1427	0.0231	3.5320
7.1425	0.0160	3.5320
7.1372	0.0098	3.5320
7.1407	0.0131	3.5320
7.1389	0.0169	3.5320
7.1346	0.0124	3.5320
7.1316	0.0261	3.5320
7.1382	0.0132	3.5320
7.1456	0.0154	3.5320
7.1271	0.0152	3.5320
7.1337	0.0213	3.5320
7.1436	0.0131	3.5320
7.1409	0.0146	3.5320
7.1481	0.0150	3.5320
7.1500	0.0138	3.5320
7.1383	0.0102	3.5320
7.1523	0.0140	3.5320
7.1362	0.0157	3.5320
7.1403	0.0176	3.5320
7.1451	0.0164	3.5320
7.1486	0.0149	3.5320
7.1396	0.0159	3.5320
7.1497	0.0112	3.5320
7.1360	0.0149	3.5320
7.1526	0.0162	3.5320
7.1398	0.0179	3.5320
7.1490	0.0108	3.5320
7.1376	0.0256	3.5320
7.1561	0.0221	3.5320
7.1325	0.0209	3.5320
7.1327	0.0184	3.5320
7.1526	0.0127	3.5320
7.1408	0.0235	3.5320
7.1433	0.0127	3.5320
7.1427	0.0151	3.5320
7.1520	0.0185	3.5320
7.1422	0.0241	3.5320
7.1521	0.0220	3.5320
7.1315	0.0112	3.5320
7.1502	0.0174	3.5320
7.1443	0.0219	3.5320
7.1432	0.0204	3.5320
7.1455	0.0153	3.5320
7.1398	0.0266	3.5320
7.1541	0.0204	3.5320
7.1521	0.0170	3.5320
7.1429	0.0182	3.5320
7.1401	0.0176	3.5320
7.1415	0.0178	3.5320
7.1363	0.0134	3.5320
7.1489	0.0196	3.5320
7.1460	0.0100	3.5320
7.1339	0.0228	3.5320
7.1276	0.0170	3.5320
7.1514	0.0139	3.5320
7.1395	0.0173	3.5320
7.1345	0.0128	3.5320
7.1487	0.0172	3.5320
7.1504	0.0201	3.5320
7.1535	0.0186	3.5320
7.1348	0.0238	3.5320
7.1387	0.0145	3.5320
7.1447	0.0148	3.5320
7.1488	0.0115	3.5320
7.1570	0.0108	3.5320
7.1451	0.0173	3.5320
7.1427	0.0144	3.5320
7.1468	0.0175	3.5320
7.1400	0.0229	3.5320
7.1561	0.0178	3.5320
7.1503	0.0205	3.5320
7.1399	0.0158	3.5320
7.1485	0.0191	3.5320
7.1339	0.0162	3.5320
7.1400	0.0214	3.5320
7.1608	0.0103	3.5320
7.1380	0.0095	3.5320
7.1369	0.0165	3.5320
7.1397	0.0158	3.5320
7.1445	0.0135	3.5320
7.1408	0.0136	3.5320
7.1497	0.0143	3.5320
7.1460	0.0168	3.5320
7.1461	0.0183	3.5320
7.1441	0.0233	3.5320
7.1285	0.0182	3.5320
7.1396	0.0196	3.5320
7.1532	0.0094	3.5320
7.1530	0.0184	3.5320
7.1342	0.0186	3.5320
7.1451	0.0185	3.5320
7.1496	0.0168	3.5320
7.1472	0.0124	3.5320
7.1329	0.0140	3.5320
7.1431	0.0112	3.5320
7.1466	0.0167	3.5320
7.1343	0.0265	3.5320
7.1412	0.0158	3.5320
7.1397	0.0231	3.5320
7.1278	0.0177	3.5320
7.1528	0.0242	3.5320
7.1354	0.0183	3.5320
7.1492	0.0146	3.5320
7.1488	0.0131	3.5320
7.1392	0.0162	3.5320
7.1387	0.0181	3.5320
7.1403	0.0105	3.5320
7.1437	0.0187	3.5320
7.1509	0.0158	3.5320
7.1307	0.0168	3.5320
7.1309	0.0258	3.5320
7.1410	0.0135	3.5320
7.1375	0.0174	3.5320
7.1295	0.0181	3.5320
7.1377	0.0103	3.5320
7.1357	0.0195	3.5320
7.1457	0.0159	3.5320
7.1455	0.0171	3.5320
7.1321	0.0253	3.5320
7.1317	0.0202	3.5320
7.1376	0.0120	3.5320
7.1351	0.0213	3.5320
7.1365	0.0148	3.5320
7.1383	0.0155	3.5320
7.1310	0.0188	3.5320
7.1350	0.0155	3.5320
7.1416	0.0246	3.5320
7.1416	0.0145	3.5320
7.1374	0.0153	3.5320
7.1418	0.0184	3.5320
7.1371	0.0128	3.5320
7.1285	0.0125	3.5320
7.1419	0.0195	3.5320
7.1379	0.0175	3.5320
7.1330	0.0131	3.5320
7.1305	0.0155	3.5320
7.1404	0.0133	3.5320
7.1408	0.0139	3.5320
7.1284	0.0211	3.5320
7.1345	0.0207	3.5320
7.1425	0.0123	3.5320
7.1448	0.0191	3.5320
7.1467	0.0073	3.5320
7.1243	0.0190	3.5320
7.1478	0.0155	3.5320
7.1374	0.0241	3.5320
7.1343	0.0273	3.5320
7.1285	0.0219	3.5320
7.1301	0.0191	3.5320
7.1332	0.0244	3.5320
7.1291	0.0159	3.5320
7.1350	0.0172	3.5320
7.1320	0.0197	3.5320
7.1294	0.0131	3.5320
7.1467	0.0179	3.5320
7.1305	0.0226	3.5320
7.1440	0.0181	3.5320
7.1232	0.0143	3.5320
7.1377	0.0230	3.5320
7.1355	0.0109	3.5320
7.1283	0.0143	3.5320
7.1406	0.0195	3.5320
7.1355	0.0191	3.5320
7.1356	0.0205	3.5320
7.1356	0.0119	3.5320
7.1282	0.0130	3.5320
7.1315	0.0135	3.5320
7.1307	0.0179	3.5320
7.1261	0.0206	3.5320
7.1377	0.0156	3.5320
7.1305	0.0100	3.5320
7.1396	0.0217	3.5320
7.1179	0.0161	3.4200
7.1652	0.0149	3.4200
7.1774	0.0225	3.4200
7.1721	0.0264	3.4200
7.1612	0.0190	3.4200
7.1714	0.0129	3.4200
7.1644	0.0195	3.4200
7.1700	0.0167	3.4200
7.1600	0.0187	3.4200
7.1721	0.0188	3.4200
7.1791	0.0077	3.4200
7.1698	0.0189	3.4200
7.1615	0.0238	3.4200
7.1711	0.0174	3.4200
7.1698	0.0211	3.4200
7.1602	0.0229	3.4200
7.1493	0.0186	3.4200
7.1713	0.0236	3.4200
7.1792	0.0166	3.4200
7.1730	0.0178	3.4200
7.1692	0.0157	3.4200
7.1564	0.0213	3.4200
7.1638	0.0130	3.4200
7.1626	0.0151	3.4200
7.1724	0.0176	3.4200
7.1690	0.0255	3.4200
7.1626	0.0247	3.4200
7.1716	0.0137	3.4200
7.1720	0.0238	3.4200
7.1628	0.0170	3.4200
7.1688	0.0175	3.4200
7.1714	0.0127	3.4200
7.1607	0.0196	3.4200
7.1687	0.0224	3.4200
7.1685	0.0193	3.4200
7.1598	0.0209	3.4200
7.1681	0.0173	3.4200
7.1739	0.0166	3.4200
7.1568	0.0131	3.4200
7.1694	0.0171	3.4200
7.1655	0.0166	3.4200
7.1564	0.0158	3.4200
7.1687	0.0127	3.4200
7.1616	0.0136	3.4200
7.1661	0.0094	3.4200
7.1617	0.0200	3.4200
7.1690	0.0208	3.4200
7.1627	0.0267	3.4200
7.1612	0.0155	3.4200
7.1644	0.0198	3.4200
7.1580	0.0169	3.4200
7.1624	0.0223	3.4200
7.1659	0.0146	3.4200
7.1576	0.0249	3.4200
7.1645	0.0185	3.4200
7.1647	0.0119	3.4200
7.1650	0.0211	3.4200
7.1603	0.0219	3.4200
7.1620	0.0180	3.4200
7.1669	0.0188	3.4200
7.1608	0.0149	3.4200
7.1659	0.0136	3.4200
7.1633	0.0185	3.4200
7.1750	0.0121	3.4200
7.1650	0.0115	3.4200
7.1663	0.0203	3.4200
7.1699	0.0185	3.4200
7.1646	0.0183	3.4200
7.1576	0.0167	3.4200
7.1741	0.0219	3.4200
7.1693	0.0145	3.4200
7.1524	0.0251	3.4200
7.1671	0.0191	3.4200
7.1634	0.0151	3.4200
7.1799	0.0156	3.4200
7.1601	0.0252	3.4200
7.1694	0.0198	3.4200
7.1611	0.0191	3.4200
7.1661	0.0279	3.4200
7.1618	0.0126	3.4200
7.1706	0.0209	3.4200
7.1672	0.0160	3.4200
7.1728	0.0189	3.4200
7.1639	0.0193	3.4200
7.1696	0.0196	3.4200
7.1532	0.0124	3.4200
7.1735	0.0207	3.4200
7.1656	0.0212	3.4200
7.1737	0.0149	3.4200
7.1740	0.0156	3.4200
7.1605	0.0107	3.4200
7.1582	0.0149	3.4200
7.1669	0.0217	3.4200
7.1649	0.0182	3.4200
7.1718	0.0224	3.4200
7.1751	0.0207	3.4200
7.1717	0.0102	3.4200
7.1614	0.0135	3.4200
7.1608	0.0142	3.4200
7.1720	0.0100	3.4200
7.1665	0.0226	3.4200
7.1626	0.0240	3.4200
7.1799	0.0114	3.4200
7.1765	0.0180	3.4200
7.1571	0.0198	3.4200
7.1706	0.0144	3.4200
7.1636	0.0139	3.4200
7.1571	0.0196	3.4200
7.1636	0.0199	3.4200
7.1746	0.0175	3.4200
7.1800	0.0145	3.4200
7.1672	0.0127	3.4200
7.1625	0.0110	3.4200
7.1702	0.0161	3.4200
7.1546	0.0126	3.4200
7.1660	0.0189	3.4200
7.1613	0.0206	3.4200
7.1592	0.0137	3.4200
7.1762	0.0169	3.4200
7.1600	0.0132	3.4200
7.1712	0.0181	3.4200
7.1620	0.0151	3.4200
7.1659	0.0173	3.4200
7.1632	0.0175	3.4200
7.1690	0.0246	3.4200
7.1669	0.0171	3.4200
7.1736	0.0195	3.4200
7.1714	0.0178	3.4200
7.1743	0.0172	3.4200
7.1748	0.0151	3.4200
7.1760	0.0072	3.4200
7.1629	0.0146	3.4200
7.1677	0.0200	3.4200
7.1587	0.0175	3.4200
7.1694	0.0088	3.4200
7.1730	0.0129	3.4200
7.1660	0.0243	3.4200
7.1635	0.0121	3.4200
7.1695	0.0167	3.4200
7.1540	0.0254	3.4200
7.1646	0.0144	3.4200
7.1620	0.0172	3.4200
7.1597	0.0162	3.4200
7.1728	0.0196	3.4200
7.1560	0.0209	3.4200
7.1724	0.0189	3.4200
7.1724	0.0252	3.4200
7.1668	0.0241	3.4200
7.1660	0.0193	3.4200
7.1695	0.0164	3.4200
7.1727	0.0170	3.4200
7.1432	0.0148	3.4200
7.1689	0.0178	3.4200
7.1696	0.0208	3.4200
7.1689	0.0107	3.4200
7.1625	0.0261	3.4200
7.1709	0.0114	3.4200
7.1658	0.0224	3.4200
7.1767	0.0158	3.4200
7.1571	0.0207	3.4200
7.1764	0.0161	3.4200
7.1672	0.0231	3.4200
7.1600	0.0221	3.4200
7.1618	0.0129	3.4200
7.1694	0.0176	3.4200
7.1616	0.0183	3.4200
7.1604	0.0249	3.4200
7.1774	0.0192	3.4200
7.1641	0.0178	3.4200
7.1659	0.0115	3.4200
7.1693	0.0199	3.4200
7.1830	0.0183	3.4200
7.1578	0.0263	3.4200
7.1618	0.0201	3.4200
7.1767	0.0224	3.4200
7.1639	0.0241	3.4200
7.1644	0.0122	3.4200
7.1696	0.0115	3.4200
7.1672	0.0149	3.4200
7.1700	0.0207	3.4200
7.1785	0.0128	3.4200
7.1690	0.0148	3.4200
7.1688	0.0200	3.4200
7.1679	0.0127	3.4200
7.1682	0.0188	3.4200
7.1699	0.0180	3.4200
7.1647	0.0278	3.4200
7.1789	0.0207	3.4200
7.1643	0.0100	3.4200
7.1732	0.0186	3.4200
7.1633	0.0142	3.4200
7.1649	0.0207	3.4200
7.1614	0.0156	3.4200
7.1660	0.0128	3.4200
7.1589	0.0177	3.4200
7.1782	0.0265	3.4200
7.1629	0.0231	3.4200
7.1704	0.0173	3.4200
7.1635	0.0115	3.4200
7.1646	0.0082	3.4200
7.1598	0.0258	3.4200
7.1728	0.0122	3.4200
7.1673	0.0237	3.4200
7.1519	0.0163	3.4200
7.1646	0.0206	3.4200
7.1581	0.0244	3.4200
7.1714	0.0255	3.4200
7.1570	0.0181	3.4200
7.1685	0.0197	3.4200
7.1702	0.0157	3.4200
7.1728	0.0136	3.4200
7.1700	0.0223	3.4200
7.1521	0.0266	3.4200
7.1718	0.0193	3.4200
7.1775	0.0114	3.4200
7.1567	0.0198	3.4200
7.1657	0.0266	3.4200
7.1602	0.0147	3.4200
7.1663	0.0315	3.4200
7.1621	0.0166	3.4200
7.1636	0.0163	3.4200
7.1717	0.0170	3.4200
7.1733	0.0156	3.4200
7.1595	0.0248	3.4200
7.1677	0.0175	3.4200
7.1634	0.0194	3.4200
7.1586	0.0148	3.4200
7.1663	0.0224	3.4200
7.1753	0.0136	3.4200
7.1767	0.0184	3.4200
7.1569	0.0142	3.4200
7.1778	0.0121	3.4200
7.1668	0.0207	3.4200
7.1712	0.0148	3.4200
7.1756	0.0235	3.4200
7.1769	0.0132	3.4200
7.1656	0.0119	3.4200
7.1733	0.0231	3.4200
7.1556	0.0188	3.4200
7.1768	0.0131	3.4200
7.1610	0.0209	3.4200
7.1676	0.0158	3.4200
7.1663	0.0106	3.4200
7.1666	0.0129	3.4200
7.1928	0.0176	3.4200
7.1633	0.0160	3.4200
7.1816	0.0187	3.4200
7.1738	0.0279	3.4200
7.1847	0.0113	3.4200
7.1660	0.0205	3.4200
7.1729	0.0135	3.4200
7.1767	0.0191	3.4200
7.1675	0.0108	3.4200
7.1659	0.0176	3.4200
7.1685	0.0212	3.4200
7.1655	0.0181	3.4200
7.1778	0.0099	3.4200
7.1649	0.0165	3.4200
7.1629	0.0318	3.4200
7.1736	0.0172	3.4200
7.1756	0.0127	3.4200
7.1644	0.0217	3.4200
7.1801	0.0259	3.4200
7.1718	0.0184	3.4200
7.1704	0.0194	3.4200
7.1773	0.0213	3.4200
7.1639	0.0229	3.4200
7.1748	0.0141	3.4200
7.1737	0.0145	3.4200
7.1591	0.0236	3.4200
7.1644	0.0222	3.4200
7.1685	0.0211	3.4200
7.1626	0.0144	3.4200
7.1749	0.0182	3.4200
7.1704	0.0202	3.4200
7.1662	0.0196	3.4200
7.1786	0.0192	3.4200
7.1616	0.0221	3.4200
7.1659	0.0154	3.4200
7.1721	0.0262	3.4200
7.1654	0.0213	3.4200
7.1811	0.0261	3.4200
7.1636	0.0140	3.4200
7.1647	0.0239	3.4200
7.1696	0.0143	3.4200
7.1779	0.0152	3.4200
7.1721	0.0171	3.4200
7.1650	0.0166	3.4200
7.1695	0.0216	3.4200
7.1800	0.0121	3.4200
7.1638	0.0240	3.4200
7.1622	0.0146	3.4200
7.1753	0.0167	3.4200
7.1599	0.0139	3.4200
7.1541	0.0160	3.4200
7.1578	0.0137	3.4200
7.1640	0.0177	3.4200
7.1645	0.0154	3.4200
7.1672	0.0231	3.4200
7.1694	0.0153	3.4200
7.1700	0.0183	3.4200
7.1779	0.0092	3.4200
7.1730	0.0147	3.4200
7.1593	0.0136	3.4200
7.1771	0.0104	3.4200
7.1638	0.0323	3.4200
7.1593	0.0088	3.4200
7.1775	0.0160	3.4200
7.1736	0.0182	3.4200
7.1726	0.0186	3.4200
7.1635	0.0200	3.4200
7.1673	0.0133	3.4200
7.1657	0.0140	3.4200
7.1643	0.0148	3.4200
7.1641	0.0234	3.4200
7.1669	0.0155	3.4200
7.1682	0.0223	3.4200
7.1653	0.0169	3.4200
7.1511	0.0197	3.4200
7.1619	0.0145	3.4200
7.1613	0.0150	3.4200
7.1662	0.0148	3.4200
7.1703	0.0163	3.4200
7.1667	0.0180	3.4200
7.1658	0.0133	3.4200
7.1739	0.0237	3.4200
7.1606	0.0213	3.4200
7.1789	0.0139	3.4200
7.1715	0.0196	3.4200
7.1629	0.0211	3.4200
7.1661	0.0256	3.4200
7.1632	0.0222	3.4200
7.1596	0.0260	3.4200
7.1571	0.0249	3.4200
7.1664	0.0187	3.4200
7.1706	0.0113	3.4200
7.1711	0.0171	3.4200
7.1652	0.0180	3.4200
7.1782	0.0098	3.4200
7.1724	0.0129	3.4200
7.1657	0.0217	3.4200
7.1696	0.0154	3.4200
7.1736	0.0155	3.4200
7.1683	0.0112	3.4200
7.1573	0.0104	3.4200
7.1622	0.0195	3.4200
7.1614	0.0181	3.4200
7.1514	0.0133	3.4200
7.1668	0.0214	3.4200
7.1691	0.0267	3.4200
7.1737	0.0106	3.4200
7.1563	0.0183	3.4200
7.1567	0.0195	3.4200
7.1703	0.0151	3.4200
7.1716	0.0204	3.4200
7.1582	0.0146	3.4200
7.1726	0.0166	3.4200
7.1652	0.0116	3.4200
7.1790	0.0212	3.4200
7.1676	0.0228	3.4200
7.1634	0.0182	3.4200
7.1799	0.0081	3.4200
7.1608	0.0163	3.4200
7.1717	0.0109	3.4200
7.1614	0.0223	3.4200
7.1756	0.0162	3.4200
7.1709	0.0184	3.4200
7.1666	0.0199	3.4200
7.1681	0.0181	3.4200
7.1769	0.0184	3.4200
7.1687	0.0196	3.4200
7.1593	0.0180	3.4200
7.1638	0.0225	3.4200
7.1772	0.0160	3.4200
7.1716	0.0192	3.4200
7.1638	0.0166	3.4200
7.1703	0.0149	3.4200
7.1788	0.0100	3.4200
7.1697	0.0204	3.4200
7.1553	0.0155	3.4200
7.1678	0.0222	3.4200
7.1579	0.0154	3.4200
7.1673	0.0221	3.4200
7.1648	0.0105	3.4200
7.1699	0.0139	3.4200
7.1662	0.0199	3.4200
7.1722	0.0159	3.4200
7.1737	0.0106	3.4200
7.1669	0.0186	3.4200
7.1636	0.0135	3.4200
7.1672	0.0154	3.4200
7.1649	0.0187	3.4200
7.1655	0.0192	3.4200
7.1737	0.0194	3.4200
7.1701	0.0124	3.4200
7.1716	0.0228	3.4200
7.1571	0.0140	3.4200
7.1643	0.0149	3.4200
7.1599	0.0231	3.4200
7.1623	0.0135	3.4200
7.1661	0.0207	3.4200
7.1578	0.0186	3.4200
7.1644	0.0154	3.4200
7.1594	0.0236	3.4200
7.1563	0.0192	3.4200
7.1673	0.0100	3.4200
7.1750	0.0189	3.4200
7.1571	0.0161	3.4200
7.1747	0.0141	3.4200
7.1622	0.0142	3.4200
7.1668	0.0183	3.4200
7.1684	0.0168	3.4200
7.1680	0.0180	3.4200
7.1679	0.0221	3.4200
7.1623	0.0197	3.4200
7.1708	0.0169	3.4200
7.1720	0.0151	3.4200
7.1548	0.0218	3.4200
7.1627	0.0204	3.4200
7.1685	0.0180	3.4200
7.1677	0.0109	3.4200
7.1659	0.0127	3.4200
7.1774	0.0173	3.4200
7.1742	0.0237	3.4200
7.1759	0.0107	3.4200
7.1619	0.0233	3.4200
7.1704	0.0165	3.4200
7.1647	0.0199	3.4200
7.1650	0.0138	3.4200
7.1684	0.0228	3.4200
7.1637	0.0197	3.4200
7.1809	0.0126	3.4200
7.1592	0.0225	3.4200
7.1611	0.0200	3.4200
7.1675	0.0118	3.4200
7.1586	0.0211	3.4200
7.1683	0.0171	3.4200
7.1650	0.0173	3.4200
7.1589	0.0198	3.4200
7.1602	0.0104	3.4200
7.1654	0.0205	3.4200
7.1660	0.0201	3.4200
7.1693	0.0163	3.4200
7.1769	0.0101	3.4200
7.1715	0.0151	3.4200
7.1794	0.0239	3.4200
7.1639	0.0203	3.4200
7.1579	0.0173	3.4200
7.1802	0.0227	3.4200
7.1689	0.0184	3.4200
7.1783	0.0097	3.4200
7.1672	0.0205	3.4200
7.1799	0.0213	3.4200
7.1779	0.0211	3.4200
7.1620	0.0204	3.4200
7.1661	0.0091	3.4200
7.1774	0.0153	3.4200
7.1701	0.0155	3.4200
7.1700	0.0131	3.4200
7.1648	0.0162	3.4200
7.1629	0.0176	3.4200
7.1818	0.0193	3.4200
7.1587	0.0196	3.4200
7.1689	0.0190	3.4200
7.1522	0.0229	3.4200
7.1621	0.0304	3.4200
7.1794	0.0189	3.4200
7.1745	0.0174	3.4200
7.1700	0.0171	3.4200
7.1651	0.0223	3.4200
7.1568	0.0157	3.4200
7.1844	0.0177	3.4200
7.1712	0.0106	3.4200
7.1740	0.0250	3.4200
7.1697	0.0194	3.4200
7.1674	0.0189	3.4200
7.1740	0.0151	3.4200
7.1800	0.0205	3.4200
7.1659	0.0196	3.4200
7.1707	0.0146	3.4200
7.1744	0.0144	3.4200
7.1763	0.0178	3.4200
7.1718	0.0113	3.4200
7.1774	0.0146	3.4200
7.1684	0.0150	3.4200
7.1760	0.0157	3.4200
7.1785	0.0109	3.4200
7.1719	0.0187	3.4200
7.1813	0.0264	3.4200
7.1668	0.0173	3.4200
7.1709	0.0273	3.4200
7.1786	0.0188	3.4200
7.1702	0.0236	3.4200
7.1651	0.0309	3.4200
7.1716	0.0145	3.4200
7.1778	0.0107	3.4200
7.1752	0.0223	3.4200
7.1742	0.0265	3.4200
7.1591	0.0193	3.4200
7.1794	0.0187	3.4200
7.1644	0.0228	3.4200
7.1772	0.0083	3.4200
7.1710	0.0227	3.4200
7.1802	0.0134	3.4200
7.1684	0.0162	3.4200
7.1747	0.0159	3.4200
7.1690	0.0257	3.4200
7.1711	0.0176	3.4200
7.1686	0.0141	3.4200
7.1781	0.0142	3.4200
7.1709	0.0202	3.4200
7.1509	0.0173	3.4200
7.1579	0.0185	3.4200
7.1674	0.0204	3.4200
7.1766	0.0151	3.4200
7.1710	0.0163	3.4200
7.1615	0.0168	3.4200
7.1596	0.0161	3.4200
7.1714	0.0174	3.4200
7.1656	0.0162	3.4200
7.1752	0.0149	3.4200
7.1675	0.0223	3.4200
7.1649	0.0223	3.4200
7.1632	0.0193	3.4200
7.1695	0.0198	3.4200
7.1586	0.0223	3.4200
7.1683	0.0173	3.4200
7.1711	0.0172	3.4200
7.1607	0.0249	3.4200
7.1743	0.0154	3.4200
7.1780	0.0217	3.4200
7.1642	0.0141	3.4200
7.1757	0.0158	3.4200
7.1826	0.0152	3.4200
7.1639	0.0201	3.4200
7.1686	0.0128	3.4200
7.1594	0.0167	3.4200
7.1652	0.0206	3.4200
7.1587	0.0161	3.4200
7.1752	0.0201	3.4200
7.1655	0.0187	3.4200
7.1730	0.0224	3.4200
7.1675	0.0187	3.4200
7.1706	0.0190	3.4200
7.1671	0.0230	3.4200
7.1721	0.0153	3.4200
7.1741	0.0146	3.4200
7.1799	0.0134	3.4200
7.1768	0.0162	3.4200
7.1600	0.0161	3.4200
7.1595	0.0158	3.4200
7.1653	0.0111	3.4200
7.1742	0.0199	3.4200
7.1697	0.0111	3.4200
7.1606	0.0187	3.4200
7.1814	0.0245	3.4200
7.1817	0.0181	3.4200
7.1630	0.0118	3.4200
7.1748	0.0168	3.4200
7.1608	0.0152	3.4200
7.1658	0.0238	3.4200
7.1664	0.0309	3.4200
7.1701	0.0189	3.4200
7.1750	0.0188	3.4200
7.1562	0.0283	3.4200
7.1696	0.0213	3.4200
7.1742	0.0133	3.4200
7.1716	0.0147	3.4200
7.1750	0.0226	3.4200
7.1591	0.0183	3.4200
7.1583	0.0143	3.4200
7.1778	0.0201	3.4200
7.1674	0.0186	3.4200
7.1598	0.0194	3.4200
7.1742	0.0147	3.4200
7.1639	0.0108	3.4200
7.1759	0.0218	3.4200
7.1774	0.0153	3.4200
7.1715	0.0187	3.4200
7.1652	0.0148	3.4200
7.1655	0.0157	3.4200
7.1607	0.0160	3.4200
7.1698	0.0217	3.4200
7.1612	0.0180	3.4200
7.1810	0.0088	3.4200
7.1674	0.0138	3.4200
7.1795	0.0193	3.4200
7.1726	0.0226	3.4200
7.1649	0.0142	3.4200
7.1787	0.0145	3.4200
7.1611	0.0210	3.4200
7.1607	0.0154	3.4200
7.1647	0.0201	3.4200
7.1791	0.0144	3.4200
7.1697	0.0231	3.4200
7.1644	0.0203	3.4200
7.1696	0.0142	3.4200
7.1600	0.0195	3.4200
7.1682	0.0210	3.4200
7.1707	0.0175	3.4200
7.1697	0.0149	3.4200
7.1708	0.0278	3.4200
7.1582	0.0184	3.4200
7.1760	0.0181	3.4200
7.1713	0.0187	3.4200
7.1695	0.0262	3.4200
7.1587	0.0147	3.4200
7.1695	0.0164	3.4200
7.1745	0.0207	3.4200
7.1729	0.0150	3.4200
7.1681	0.0175	3.4200
7.1675	0.0135	3.4200
7.1667	0.0171	3.4200
7.1721	0.0175	3.4200
7.1621	0.0202	3.4200
7.1714	0.0217	3.4200
7.1756	0.0176	3.4200
7.1807	0.0133	3.4200
7.1647	0.0145	3.4200
7.1720	0.0210	3.4200
7.1724	0.0204	3.4200
7.1729	0.0119	3.4200
7.1675	0.0194	3.4200
7.1710	0.0083	3.4200
7.1635	0.0148	3.4200
7.1680	0.0163	3.4200
7.1613	0.0152	3.4200
7.1657	0.0153	3.4200
7.1668	0.0205	3.4200
7.1619	0.0206	3.4200
7.1679	0.0214	3.4200
7.1557	0.0115	3.4200
7.1630	0.0267	3.4200
7.1630	0.0140	3.4200
7.1700	0.0193	3.4200
7.1776	0.0156	3.4200
7.1710	0.0146	3.4200
7.1790	0.0221	3.4200
7.1628	0.0134	3.4200
7.1651	0.0182	3.4200
7.1759	0.0190	3.4200
7.1644	0.0191	3.4200
7.1595	0.0170	3.4200
7.1822	0.0208	3.4200
7.1714	0.0178	3.4200
7.1698	0.0208	3.4200
7.1653	0.0155	3.4200
7.1789	0.0132	3.4200
7.1653	0.0168	3.4200
7.1627	0.0189	3.4200
7.1563	0.0235	3.4200
7.1774	0.0119	3.4200
7.1665	0.0224	3.4200
7.1598	0.0170	3.4200
7.1839	0.0107	3.4200
7.1651	0.0093	3.4200
7.1679	0.0174	3.4200
7.1685	0.0202	3.4200
7.1829	0.0168	3.4200
7.1630	0.0177	3.4200
7.1671	0.0162	3.4200
7.1596	0.0167	3.4200
7.1666	0.0224	3.4200
7.1739	0.0206	3.4200
7.1739	0.0104	3.4200
7.1806	0.0171	3.4200
7.1815	0.0224	3.4200
7.1659	0.0208	3.4200
7.1824	0.0156	3.4200
7.1674	0.0175	3.4200
7.1737	0.0084	3.4200
7.1707	0.0217	3.4200
7.1748	0.0248	3.4200
7.1738	0.0107	3.4200
7.1759	0.0161	3.4200
7.1718	0.0184	3.4200
7.1695	0.0180	3.4200
7.1652	0.0202	3.4200
7.1732	0.0172	3.4200
7.1784	0.0109	3.4200
7.1722	0.0195	3.4200
7.1688	0.0170	3.4200
7.1725	0.0196	3.4200
7.1664	0.0167	3.4200
7.1658	0.0227	3.4200
7.1701	0.0151	3.4200
7.1731	0.0227	3.4200
7.1722	0.0118	3.4200
7.1746	0.0165	3.4200
7.1629	0.0173	3.4200
7.1773	0.0123	3.4200
7.1757	0.0216	3.4200
7.1741	0.0219	3.4200
7.1673	0.0174	3.4200
7.1786	0.0158	3.4200
7.1705	0.0171	3.4200
7.1767	0.0117	3.4200
7.1818	0.0119	3.4200
7.1705	0.0260	3.4200
7.1703	0.0135	3.4200
7.1650	0.0169	3.4200
7.1677	0.0247	3.4200
7.1654	0.0202	3.4200
7.1765	0.0135	3.4200
7.1720	0.0208	3.4200
7.1812	0.0080	3.4200
7.1678	0.0200	3.4200
7.1689	0.0177	3.4200
7.1721	0.0268	3.4200
7.1676	0.0204	3.4200
7.1810	0.0216	3.4200
7.1765	0.0191	3.4200
7.1682	0.0263	3.4200
7.1670	0.0166	3.4200
7.1746	0.0111	3.4200
7.1781	0.0328	3.4200
7.1718	0.0223	3.4200
7.1701	0.0166	3.4200
7.1719	0.0121	3.4200
7.1680	0.0146	3.4200
7.1701	0.0184	3.4200
7.1696	0.0188	3.4200
7.1690	0.0241	3.4200
7.1729	0.0142	3.4200
7.1722	0.0162	3.4200
7.1681	0.0177	3.4200
7.1681	0.0154	3.4200
7.1668	0.0203	3.4200
7.1742	0.0143	3.4200
7.1778	0.0151	3.4200
7.1627	0.0201	3.4200
7.1699	0.0236	3.4200
7.1607	0.0223	3.4200
7.1769	0.0243	3.4200
7.1705	0.0246	3.4200
7.1665	0.0124	3.4200
7.1706	0.0188	3.4200
7.1653	0.0181	3.4200
7.1660	0.0172	3.4200
7.1782	0.0112	3.4200
7.1803	0.0131	3.4200
7.1706	0.0125	3.4200
7.1659	0.0197	3.4200
7.1664	0.0165	3.4200
7.1632	0.0201	3.4200
7.1651	0.0101	3.4200
7.1764	0.0146	3.4200
7.1677	0.0222	3.4200
7.1613	0.0146	3.4200
7.1680	0.0139	3.4200
7.1740	0.0146	3.4200
7.1829	0.0228	3.4200
7.1633	0.0142	3.4200
7.1682	0.0184	3.4200
7.1709	0.0191	3.4200
7.1703	0.0232	3.4200
7.1741	0.0177	3.4200
7.1670	0.0175	3.4200
7.1657	0.0243	3.4200
7.1688	0.0241	3.4200
7.1615	0.0152	3.4200
7.1719	0.0150	3.4200
7.1774	0.0221	3.4200
7.1710	0.0142	3.4200
7.1718	0.0161	3.4200
7.1601	0.0219	3.4200
7.1600	0.0195	3.4200
7.1794	0.0160	3.4200
7.1764	0.0106	3.4200
7.1784	0.0213	3.4200
7.1738	0.0176	3.4200
7.1646	0.0171	3.4200
7.1670	0.0209	3.4200
7.1737	0.0229	3.4200
7.1651	0.0208	3.4200
7.1682	0.0188	3.4200
7.1631	0.0125	3.4200
7.1802	0.0207	3.4200
7.1659	0.0190	3.4200
7.1628	0.0253	3.4200
7.1779	0.0165	3.4200
7.1727	0.0168	3.4200
7.1721	0.0160	3.4200
7.1658	0.0130	3.4200
7.1601	0.0232	3.4200
7.1710	0.0170	3.4200
7.1724	0.0168	3.4200
7.1779	0.0135	3.4200
7.1732	0.0129	3.4200
7.1666	0.0169	3.4200
7.1582	0.0167	3.4200
7.1613	0.0231	3.4200
7.1650	0.0208	3.4200
7.1753	0.0158	3.4200
7.1721	0.0193	3.4200
7.1604	0.0143	3.4200
7.1636	0.0132	3.4200
7.1706	0.0183	3.4200
7.1723	0.0172	3.4200
7.1773	0.0137	3.4200
7.1702	0.0114	3.4200
7.1613	0.0230	3.4200
7.1725	0.0267	3.4200
7.1732	0.0185	3.4200
7.1746	0.0180	3.4200
7.1681	0.0167	3.4200
7.1662	0.0181	3.4200
7.1726	0.0193	3.4200
7.1745	0.0197	3.4200
7.1514	0.0159	3.4200
7.1536	0.0237	3.4200
7.1668	0.0121	3.4200
7.1697	0.0167	3.4200
7.1656	0.0223	3.4200
7.1626	0.0117	3.4200
7.1663	0.0188	3.4200
7.1603	0.0169	3.4200
7.1794	0.0092	3.4200
7.1641	0.0150	3.4200
7.1776	0.0183	3.4200
7.1809	0.0064	3.4200
7.1647	0.0197	3.4200
7.1615	0.0155	3.4200
7.1645	0.0180	3.4200
7.1774	0.0154	3.4200
7.1614	0.0110	3.4200
7.1672	0.0131	3.4200
7.1594	0.0148	3.4200
7.1598	0.0108	3.4200
7.1657	0.0122	3.4200
7.1747	0.0195	3.4200
7.1644	0.0146	3.4200
7.1621	0.0218	3.4200
7.1650	0.0190	3.4200
7.1704	0.0171	3.4200
7.1658	0.0217	3.4200
7.1612	0.0176	3.4200
7.1808	0.0084	3.4200
7.1627	0.0152	3.4200
7.1639	0.0103	3.4200
7.1767	0.0085	3.4200
7.1689	0.0193	3.4200
7.1774	0.0182	3.4200
7.1647	0.0181	3.4200
7.1593	0.0182	3.4200
7.1742	0.0181	3.4200
7.1696	0.0181	3.4200
7.1760	0.0201	3.4200
7.1736	0.0141	3.4200
7.1739	0.0190	3.4200
7.1673	0.0163	3.4200
7.1763	0.0216	3.4200
7.1634	0.0199	3.4200
7.1698	0.0131	3.4200
7.1667	0.0164	3.4200
7.1580	0.0113	3.4200
7.1605	0.0175	3.4200
7.1710	0.0090	3.4200
7.1747	0.0196	3.4200
7.1800	0.0191	3.4200
7.1745	0.0196	3.4200
7.1658	0.0225	3.4200
7.1580	0.0212	3.4200
7.1531	0.0187	3.4200
7.1701	0.0271	3.4200
7.1692	0.0251	3.4200
7.1607	0.0164	3.4200
7.1737	0.0202	3.4200
7.1655	0.0249	3.4200
7.1665	0.0192	3.4200
7.1625	0.0207	3.4200
7.1610	0.0176	3.4200
7.1725	0.0180	3.4200
7.1705	0.0150	3.4200
7.1803	0.0186	3.4200
7.1749	0.0139	3.4200
7.1613	0.0171	3.4200
7.1598	0.0144	3.4200
7.1712	0.0156	3.4200
7.1646	0.0135	3.4200
7.1690	0.0258	3.4200
7.1860	0.0190	3.4200
7.1772	0.0185	3.4200
7.1689	0.0204	3.4200
7.1671	0.0147	3.4200
7.1726	0.0186	3.4200
7.1705	0.0115	3.4200
7.1681	0.0096	3.4200
7.1773	0.0305	3.4200
7.1687	0.0176	3.4200
7.1675	0.0239	3.4200
7.1699	0.0204	3.4200
7.1633	0.0209	3.4200
7.1652	0.0273	3.4200
7.1702	0.0178	3.4200
7.1777	0.0160	3.4200
7.1743	0.0148	3.4200
7.1580	0.0164	3.4200
7.1705	0.0182	3.4200
7.1645	0.0203	3.4200
7.1740	0.0159	3.4200
7.1703	0.0194	3.4200
7.1665	0.0148	3.4200
7.1739	0.0123	3.4200
7.1784	0.0194	3.4200
7.1671	0.0182	3.4200
7.1656	0.0204	3.4200
7.1657	0.0145	3.4200
7.1644	0.0213	3.4200
7.1735	0.0149	3.4200
7.1729	0.0250	3.4200
7.1663	0.0204	3.4200
7.1718	0.0162	3.4200
7.1681	0.0163	3.4200
7.1793	0.0140	3.4200
7.1731	0.0233	3.4200
7.1734	0.0170	3.4200
7.1700	0.0142	3.4200
7.1580	0.0217	3.4200
7.1675	0.0146	3.4200
7.1702	0.0155	3.4200
7.1706	0.0120	3.4200
7.1747	0.0265	3.4200
7.1757	0.0196	3.4200
7.1845	0.0185	3.4200
7.1733	0.0161	3.4200
7.1783	0.0216	3.4200
7.1644	0.0210	3.4200
7.1784	0.0217	3.4200
7.1612	0.0189	3.4200
7.1736	0.0153	3.4200
7.1662	0.0153	3.4200
7.1559	0.0137	3.4200
7.1668	0.0149	3.4200
7.1651	0.0195	3.4200
7.1763	0.0174	3.4200
7.1713	0.0223	3.4200
7.1751	0.0118	3.4200
7.1775	0.0143	3.4200
7.1747	0.0191	3.4200
7.1796	0.0159	3.4200
7.1785	0.0129	3.4200
7.1660	0.0135	3.4200
7.1731	0.0096	3.4200
7.1669	0.0176	3.4200
7.1721	0.0136	3.4200
7.1716	0.0177	3.4200
7.1565	0.0237	3.4200
7.1760	0.0125	3.4200
7.1706	0.0119	3.4200
7.1689	0.0211	3.4200
7.1658	0.0138	3.4200
7.1681	0.0151	3.4200
7.1833	0.0156	3.4200
7.1743	0.0242	3.4200
7.1647	0.0164	3.4200
7.1722	0.0191	3.4200
7.1754	0.0175	3.4200
7.1737	0.0227	3.4200
7.1721	0.0115	3.4200
7.1678	0.0179	3.4200
7.1692	0.0226	3.4200
7.1645	0.0122	3.4200
7.1797	0.0220	3.4200
7.1581	0.0189	3.4200
7.1650	0.0193	3.4200
7.1692	0.0099	3.4200
7.1724	0.0174	3.4200
7.1623	0.0172	3.4200
7.1602	0.0221	3.4200
7.1705	0.0184	3.4200
7.1694	0.0183	3.4200
7.1675	0.0227	3.4200
7.1789	0.0153	3.4200
7.1663	0.0150	3.4200
7.1683	0.0173	3.4200
7.1717	0.0229	3.4200
7.1628	0.0184	3.4200
7.1594	0.0166	3.4200
7.1706	0.0254	3.4200
7.1564	0.0193	3.4200
7.1651	0.0177	3.4200
7.1638	0.0211	3.4200
7.1686	0.0139	3.4200
7.1605	0.0101	3.4200
7.1615	0.0209	3.4200
7.1689	0.0189	3.4200
7.1751	0.0109	3.4200
7.1777	0.0126	3.4200
7.1758	0.0211	3.4200
7.1748	0.0171	3.4200
7.1672	0.0134	3.4200
7.1721	0.0197	3.4200
7.1672	0.0221	3.4200
7.1734	0.0109	3.4200
7.1751	0.0166	3.4200
7.1601	0.0208	3.4200
7.1707	0.0097	3.4200
7.1746	0.0098	3.4200
7.1683	0.0178	3.4200
7.1620	0.0229	3.4200
7.1708	0.0131	3.4200
7.1750	0.0219	3.4200
7.1708	0.0130	3.4200
7.1741	0.0160	3.4200
7.1698	0.0153	3.4200
7.1753	0.0171	3.4200
7.1689	0.0110	3.4200
7.1644	0.0124	3.4200
7.1754	0.0164	3.4200
7.1762	0.0256	3.4200
7.1619	0.0234	3.4200
7.1641	0.0124	3.4200
7.1675	0.0152	3.4200
7.1640	0.0183	3.4200
7.1668	0.0230	3.4200
7.1818	0.0128	3.4200
7.1715	0.0189	3.4200
7.1555	0.0238	3.4200
7.1617	0.0170	3.4200
7.1668	0.0193	3.4200
7.1761	0.0139	3.4200
7.1639	0.0203	3.4200
7.1721	0.0226	3.4200
7.1656	0.0188	3.4200
7.1700	0.0260	3.4200
7.1727	0.0261	3.4200
7.1787	0.0088	3.4200
7.1737	0.0090	3.4200
7.1648	0.0219	3.4200
7.1573	0.0195	3.4200
7.1810	0.0132	3.4200
7.1709	0.0153	3.4200
7.1772	0.0226	3.4200
7.1826	0.0137	3.4200
7.1618	0.0178	3.4200
7.1639	0.0125	3.4200
7.1795	0.0150	3.4200
7.1747	0.0123	3.4200
7.1722	0.0127	3.4200
7.1747	0.0182	3.4200
7.1685	0.0156	3.4200
7.1605	0.0144	3.4200
7.1624	0.0143	3.4200
7.1575	0.0170	3.4200
7.1725	0.0189	3.4200
7.1771	0.0102	3.4200
7.1701	0.0274	3.4200
7.1633	0.0220	3.4200
7.1610	0.0174	3.4200
7.1748	0.0183	3.4200
7.1807	0.0097	3.4200
7.1628	0.0217	3.4200
7.1828	0.0194	3.4200
7.1729	0.0141	3.4200
7.1596	0.0208	3.4200
7.1612	0.0185	3.4200
7.1685	0.0194	3.4200
7.1658	0.0170	3.4200
7.1798	0.0099	3.4200
7.1774	0.0169	3.4200
7.1772	0.0262	3.4200
7.1694	0.0195	3.4200
7.1703	0.0148	3.4200
7.1651	0.0174	3.4200
7.1716	0.0210	3.4200
7.1745	0.0219	3.4200
7.1723	0.0230	3.4200
7.1808	0.0211	3.4200
7.1712	0.0093	3.4200
7.1663	0.0130	3.4200
7.1654	0.0185	3.4200
7.1687	0.0231	3.4200
7.1819	0.0148	3.4200
7.1790	0.0076	3.4200
7.1687	0.0138	3.4200
7.1592	0.0204	3.4200
7.1825	0.0165	3.4200
7.1692	0.0161	3.4200
7.1666	0.0125	3.4200
7.1647	0.0192	3.4200
7.1658	0.0202	3.4200
7.1690	0.0185	3.4200
7.1530	0.0177	3.4200
7.1727	0.0234	3.4200
7.1742	0.0165	3.4200
7.1635	0.0122	3.4200
7.1783	0.0136	3.4200
7.1631	0.0193	3.4200
7.1571	0.0179	3.4200
7.1714	0.0204	3.4200
7.1620	0.0174	3.4200
7.1669	0.0163	3.4200
7.1670	0.0194	3.4200
7.1661	0.0180	3.4200
7.1683	0.0168	3.4200
7.1732	0.0127	3.4200
7.1744	0.0191	3.4200
7.1631	0.0167	3.4200
7.1733	0.0161	3.4200
7.1656	0.0211	3.4200
7.1658	0.0160	3.4200
7.1739	0.0223	3.4200
7.1640	0.0108	3.4200
7.1703	0.0176	3.4200
7.1602	0.0231	3.4200
7.1691	0.0208	3.4200
7.1716	0.0167	3.4200
7.1602	0.0158	3.4200
7.1771	0.0173	3.4200
7.1805	0.0124	3.4200
7.1677	0.0116	3.4200
7.1808	0.0164	3.4200
7.1669	0.0157	3.4200
7.1732	0.0192	3.4200
7.1679	0.0166	3.4200
7.1691	0.0167	3.4200
7.1700	0.0205	3.4200
7.1794	0.0125	3.4200
7.1702	0.0183	3.4200
7.1656	0.0176	3.4200
7.1676	0.0198	3.4200
7.1630	0.0145	3.4200
7.1691	0.0215	3.4200
7.1734	0.0162	3.4200
7.1702	0.0113	3.4200
7.1634	0.0202	3.4200
7.1614	0.0208	3.4200
7.1627	0.0215	3.4200
7.1782	0.0152	3.4200
7.1736	0.0197	3.4200
7.1646	0.0133	3.4200
7.1635	0.0186	3.4200
7.1672	0.0147	3.4200
7.1678	0.0214	3.4200
7.1670	0.0168	3.4200
7.1771	0.0196	3.4200
7.1658	0.0223	3.4200
7.1641	0.0182	3.4200
7.1657	0.0177	3.4200
7.1692	0.0218	3.4200
7.1707	0.0264	3.4200
7.1700	0.0209	3.4200
7.1613	0.0143	3.4200
7.1748	0.0190	3.4200
7.1777	0.0130	3.4200
7.1672	0.0162	3.4200
7.1755	0.0163	3.4200
7.1720	0.0196	3.4200
7.1691	0.0182	3.4200
7.1778	0.0183	3.4200
7.1656	0.0154	3.4200
7.1612	0.0267	3.4200
7.1743	0.0139	3.4200
7.1855	0.0151	3.4200
7.1673	0.0285	3.4200
7.1854	0.0248	3.4200
7.1811	0.0182	3.4200
7.1768	0.0240	3.4200
7.1755	0.0154	3.4200
7.1680	0.0185	3.4200
7.1633	0.0126	3.4200
7.1679	0.0214	3.4200
7.1561	0.0191	3.4200
7.1530	0.0232	3.4200
7.1747	0.0094	3.4200
7.1595	0.0201	3.4200
7.1704	0.0183	3.4200
7.1661	0.0191	3.4200
7.1702	0.0194	3.4200
7.1575	0.0225	3.4200
7.1693	0.0237	3.4200
7.1719	0.0237	3.4200
7.1637	0.0170	3.4200
7.1720	0.0169	3.4200
7.1706	0.0176	3.4200
7.1661	0.0222	3.4200
7.1674	0.0267	3.4200
7.1829	0.0107	3.4200
7.1845	0.0170	3.4200
7.1647	0.0230	3.4200
7.1725	0.0159	3.4200
7.1713	0.0201	3.4200
7.1686	0.0244	3.4200
7.1732	0.0147	3.4200
7.1638	0.0247	3.4200
7.1665	0.0228	3.4200
7.1647	0.0209	3.4200
7.1771	0.0102	3.4200
7.1675	0.0155	3.4200
7.1618	0.0217	3.4200
7.1674	0.0160	3.4200
7.1731	0.0242	3.4200
7.1684	0.0205	3.4200
7.1660	0.0237	3.4200
7.1695	0.0237	3.4200
7.1729	0.0192	3.4200
7.1756	0.0127	3.4200
7.1682	0.0226	3.4200
7.1627	0.0166	3.4200
7.1709	0.0238	3.4200
7.1690	0.0212	3.4200
7.1585	0.0229	3.4200
7.1708	0.0165	3.4200
7.1626	0.0135	3.4200
7.1823	0.0103	3.4200
7.1710	0.0267	3.4200
7.1645	0.0206	3.4200
7.1713	0.0253	3.4200
7.1627	0.0173	3.4200
7.1740	0.0146	3.4200
7.1647	0.0163	3.4200
7.1703	0.0114	3.4200
7.1649	0.0136	3.4200
7.1738	0.0227	3.4200
7.1614	0.0217	3.4200
7.1628	0.0122	3.4200
7.1702	0.0175	3.4200
7.1729	0.0237	3.4200
7.1635	0.0208	3.4200
7.1690	0.0177	3.4200
7.1780	0.0226	3.4200
7.1711	0.0164	3.4200
7.1833	0.0199	3.4200
7.1721	0.0152	3.4200
7.1758	0.0230	3.4200
7.1652	0.0237	3.4200
7.1692	0.0132	3.4200
7.1755	0.0126	3.4200
7.1603	0.0189	3.4200
7.1673	0.0202	3.4200
7.1658	0.0209	3.4200
7.1609	0.0156	3.4200
7.1598	0.0180	3.4200
7.1601	0.0177	3.4200
7.1742	0.0203	3.4200
7.1745	0.0143	3.4200
7.1662	0.0148	3.4200
7.1576	0.0170	3.4200
7.1592	0.0173	3.4200
7.1745	0.0123	3.4200
7.1571	0.0162	3.4200
7.1582	0.0211	3.4200
7.1574	0.0149	3.4200
7.1704	0.0142	3.4200
7.1699	0.0178	3.4200
7.1673	0.0168	3.4200
7.1646	0.0158	3.4200
7.1675	0.0218	3.4200
7.1701	0.0211	3.4200
7.1703	0.0150	3.4200
7.1684	0.0231	3.4200
7.1643	0.0169	3.4200
7.1652	0.0138	3.4200
7.1713	0.0142	3.4200
7.1590	0.0231	3.4200
7.1718	0.0149	3.4200
7.1600	0.0195	3.4200
7.1669	0.0238	3.4200
7.1684	0.0180	3.4200
7.1747	0.0161	3.4200
7.1702	0.0156	3.4200
7.1599	0.0307	3.4200
7.1678	0.0225	3.4200
7.1584	0.0169	3.4200
7.1611	0.0199	3.4200
7.1692	0.0198	3.4200
7.1765	0.0219	3.4200
7.1680	0.0159	3.4200
7.1560	0.0171	3.4200
7.1570	0.0202	3.4200
7.1637	0.0161	3.4200
7.1700	0.0234	3.4200
7.1702	0.0202	3.4200
7.1653	0.0200	3.4200
7.1625	0.0115	3.4200
7.1848	0.0142	3.4200
7.1800	0.0190	3.4200
7.1777	0.0174	3.4200
7.1758	0.0211	3.4200
7.1736	0.0106	3.4200
7.1763	0.0227	3.4200
7.1564	0.0207	3.4200
7.1644	0.0151	3.4200
7.1780	0.0102	3.4200
7.1639	0.0191	3.4200
7.1775	0.0248	3.4200
7.1700	0.0182	3.4200
7.1544	0.0223	3.4200
7.1734	0.0189	3.4200
7.1728	0.0178	3.4200
7.1665	0.0184	3.4200
7.1679	0.0229	3.4200
7.1529	0.0245	3.4200
7.1795	0.0078	3.4200
7.1758	0.0214	3.4200
7.1670	0.0205	3.4200
7.1790	0.0228	3.4200
7.1817	0.0178	3.4200
7.1707	0.0226	3.4200
7.1775	0.0237	3.4200
7.1726	0.0195	3.4200
7.1694	0.0207	3.4200
7.1676	0.0193	3.4200
7.1674	0.0122	3.4200
7.1688	0.0158	3.4200
7.1770	0.0212	3.4200
7.1735	0.0139	3.4200
7.1507	0.0135	3.4200
7.1672	0.0130	3.4200
7.1770	0.0191	3.4200
7.1685	0.0146	3.4200
7.1674	0.0169	3.4200
7.1614	0.0214	3.4200
7.1631	0.0156	3.4200
7.1742	0.0233	3.4200
7.1542	0.0140	3.4200
7.1754	0.0254	3.4200
7.1663	0.0165	3.4200
7.1701	0.0237	3.4200
7.1682	0.0183	3.4200
7.1619	0.0122	3.4200
7.1632	0.0223	3.4200
7.1623	0.0158	3.4200
7.1789	0.0136	3.4200
7.1626	0.0154	3.4200
7.1722	0.0266	3.4200
7.1699	0.0240	3.4200
7.1696	0.0185	3.4200
7.1717	0.0118	3.4200
7.1751	0.0152	3.4200
7.1628	0.0132	3.4200
7.1641	0.0181	3.4200
7.1807	0.0153	3.4200
7.1662	0.0147	3.4200
7.1767	0.0123	3.4200
7.1755	0.0175	3.4200
7.1807	0.0272	3.4200
7.1709	0.0201	3.4200
7.1725	0.0144	3.4200
7.1755	0.0165	3.4200
7.1838	0.0112	3.4200
7.1754	0.0190	3.4200
7.1654	0.0149	3.4200
7.1728	0.0225	3.4200
7.1741	0.0132	3.4200
7.1705	0.0225	3.4200
7.1838	0.0088	3.4200
7.1583	0.0146	3.4200
7.1662	0.0195	3.4200
7.1737	0.0131	3.4200
7.1552	0.0170	3.4200
7.1762	0.0160	3.4200
7.1740	0.0118	3.4200
7.1705	0.0158	3.4200
7.1712	0.0213	3.4200
7.1731	0.0148	3.4200
7.1672	0.0216	3.4200
7.1737	0.0195	3.4200
7.1688	0.0202	3.4200
7.1679	0.0163	3.4200
7.1781	0.0110	3.4200
7.1687	0.0155	3.4200
7.1699	0.0122	3.4200
7.1733	0.0159	3.4200
7.1781	0.0198	3.4200
7.1749	0.0236	3.4200
7.1727	0.0189	3.4200
7.1566	0.0132	3.4200
7.1706	0.0173	3.4200
7.1723	0.0161	3.4200
7.1654	0.0193	3.4200
7.1704	0.0274	3.4200
7.1632	0.0195	3.4200
7.1623	0.0159	3.4200
7.1634	0.0135	3.4200
7.1605	0.0205	3.4200
7.1759	0.0167	3.4200
7.1654	0.0185	3.4200
7.1665	0.0174	3.4200
7.1794	0.0196	3.4200
7.1627	0.0095	3.4200
7.1639	0.0108	3.4200
7.1646	0.0260	3.4200
7.1689	0.0208	3.4200
7.1730	0.0141	3.4200
7.1746	0.0156	3.4200
7.1723	0.0224	3.4200
7.1770	0.0120	3.4200
7.1714	0.0178	3.4200
7.1698	0.0140	3.4200
7.1756	0.0202	3.4200
7.1682	0.0157	3.4200
7.1693	0.0171	3.4200
7.1737	0.0165	3.4200
7.1763	0.0119	3.4200
7.1823	0.0167	3.4200
7.1759	0.0089	3.4200
7.1596	0.0170	3.4200
7.1629	0.0130	3.4200
7.1692	0.0092	3.4200
7.1532	0.0153	3.4200
7.1696	0.0240	3.4200
7.1707	0.0183	3.4200
7.1731	0.0158	3.4200
7.1822	0.0091	3.4200
7.1724	0.0210	3.4200
7.1582	0.0174	3.4200
7.1816	0.0159	3.4200
7.1614	0.0208	3.4200
7.1748	0.0229	3.4200
7.1639	0.0125	3.4200
7.1704	0.0187	3.4200
7.1664	0.0192	3.4200
7.1623	0.0222	3.4200
7.1822	0.0290	3.4200
7.1648	0.0148	3.4200
7.1747	0.0135	3.4200
7.1711	0.0188	3.4200
7.1701	0.0184	3.4200
7.1773	0.0191	3.4200
7.1709	0.0133	3.4200
7.1626	0.0227	3.4200
7.1761	0.0154	3.4200
7.1727	0.0146	3.4200
7.1857	0.0137	3.4200
7.1679	0.0203	3.4200
7.1688	0.0228	3.4200
7.1587	0.0121	3.4200
7.1668	0.0169	3.4200
7.1672	0.0121	3.4200
7.1720	0.0204	3.4200
7.1683	0.0197	3.4200
7.1806	0.0161	3.4200
7.1728	0.0227	3.4200
7.1680	0.0139	3.4200
7.1747	0.0193	3.4200
7.1756	0.0179	3.4200
7.1587	0.0230	3.4200
7.1767	0.0128	3.4200
7.1744	0.0128	3.4200
7.1692	0.0211	3.4200
7.1720	0.0176	3.4200
7.1637	0.0118	3.4200
7.1665	0.0175	3.4200
7.1836	0.0099	3.4200
7.1757	0.0136	3.4200
7.1629	0.0168	3.4200
7.1655	0.0163	3.4200
7.1779	0.0147	3.4200
7.1585	0.0193	3.4200
7.1647	0.0189	3.4200
7.1784	0.0154	3.4200
7.1749	0.0174	3.4200
7.1693	0.0122	3.4200
7.1686	0.0124	3.4200
7.1639	0.0235	3.4200
7.1709	0.0113	3.4200
7.1757	0.0166	3.4200
7.1686	0.0159	3.4200
7.1652	0.0188	3.4200
7.1782	0.0119	3.4200
7.1662	0.0212	3.4200
7.1821	0.0202	3.4200
7.1728	0.0192	3.4200
7.1673	0.0154	3.4200
7.1759	0.0240	3.4200
7.1731	0.0089	3.4200
7.1670	0.0142	3.4200
7.1820	0.0093	3.4200
7.1735	0.0142	3.4200
7.1704	0.0181	3.4200
7.1716	0.0175	3.4200
7.1673	0.0171	3.4200
7.1681	0.0262	3.4200
7.1611	0.0218	3.4200
7.1757	0.0185	3.4200
7.1789	0.0115	3.4200
7.1734	0.0155	3.4200
7.1635	0.0162	3.4200
7.1671	0.0209	3.4200
7.1606	0.0179	3.4200
7.1651	0.0142	3.4200
7.1846	0.0180	3.4200
7.1731	0.0264	3.4200
7.1575	0.0187	3.4200
7.1634	0.0186	3.4200
7.1646	0.0205	3.4200
7.1734	0.0123	3.4200
7.1764	0.0167	3.4200
7.1788	0.0110	3.4200
7.1767	0.0225	3.4200
7.1778	0.0226	3.4200
7.1668	0.0166	3.4200
7.1615	0.0215	3.4200
7.1658	0.0175	3.4200
7.1645	0.0183	3.4200
7.1607	0.0143	3.4200
7.1722	0.0236	3.4200
7.1674	0.0177	3.4200
7.1717	0.0217	3.4200
7.1708	0.0118	3.4200
7.1609	0.0247	3.4200
7.1709	0.0171	3.4200
7.1751	0.0199	3.4200
7.1716	0.0209	3.4200
7.1672	0.0185	3.4200
7.1707	0.0192	3.4200
7.1743	0.0193	3.4200
7.1798	0.0127	3.4200
7.1718	0.0199	3.4200
7.1693	0.0156	3.4200
7.1724	0.0186	3.4200
7.1851	0.0212	3.4200
7.1590	0.0204	3.4200
7.1734	0.0169	3.4200
7.1797	0.0257	3.4200
7.1643	0.0189	3.4200
7.1716	0.0132	3.4200
7.1691	0.0175	3.4200
7.1697	0.0248	3.4200
7.1824	0.0172	3.4200
7.1596	0.0118	3.4200
7.1737	0.0121	3.4200
7.1710	0.0207	3.4200
7.1723	0.0157	3.4200
7.1701	0.0159	3.4200
7.1762	0.0183	3.4200
7.1688	0.0187	3.4200
7.1661	0.0192	3.4200
7.1649	0.0149	3.4200
7.1765	0.0226	3.4200
7.1682	0.0201	3.4200
7.1688	0.0167	3.4200
7.1731	0.0149	3.4200
7.1761	0.0187	3.4200
7.1808	0.0172	3.4200
7.1771	0.0130	3.4200
7.1829	0.0131	3.4200
7.1671	0.0159	3.4200
7.1659	0.0100	3.4200
7.1729	0.0127	3.4200
7.1754	0.0191	3.4200
7.1653	0.0248	3.4200
7.1782	0.0237	3.4200
7.1642	0.0181	3.4200
7.1700	0.0147	3.4200
7.1692	0.0144	3.4200
7.1572	0.0282	3.4200
7.1701	0.0141	3.4200
7.1727	0.0242	3.4200
7.1746	0.0191	3.4200
7.1737	0.0167	3.4200
7.1604	0.0169	3.4200
7.1714	0.0248	3.4200
7.1829	0.0124	3.4200
7.1726	0.0185	3.4200
7.1702	0.0164	3.4200
7.1722	0.0142	3.4200
7.1616	0.0148	3.4200
7.1772	0.0154	3.4200
7.1574	0.0201	3.4200
7.1709	0.0125	3.4200
7.1760	0.0255	3.4200
7.1595	0.0192	3.4200
7.1600	0.0165	3.4200
7.1654	0.0127	3.4200
7.1749	0.0222	3.4200
7.1787	0.0169	3.4200
7.1593	0.0155	3.4200
7.1612	0.0158	3.4200
7.1723	0.0115	3.4200
7.1629	0.0193	3.4200
7.1684	0.0215	3.4200
7.1674	0.0113	3.4200
7.1638	0.0250	3.4200
7.1689	0.0188	3.4200
7.1741	0.0160	3.4200
7.1678	0.0162	3.4200
7.1720	0.0236	3.4200
7.1693	0.0220	3.4200
7.1579	0.0186	3.4200
7.1661	0.0186	3.4200
7.1674	0.0150	3.4200
7.1687	0.0203	3.4200
7.1768	0.0191	3.4200
7.1706	0.0158	3.4200
7.1759	0.0189	3.4200
7.1662	0.0185	3.4200
7.1650	0.0244	3.4200
7.1674	0.0247	3.4200
7.1679	0.0199	3.4200
7.1767	0.0221	3.4200
7.1761	0.0162	3.4200
7.1690	0.0204	3.4200
7.1837	0.0078	3.4200
7.1700	0.0203	3.4200
7.1759	0.0209	3.4200
7.1691	0.0150	3.4200
7.1768	0.0150	3.4200
7.1622	0.0174	3.4200
7.1704	0.0201	3.4200
7.1741	0.0098	3.4200
7.1723	0.0203	3.4200
7.1803	0.0227	3.4200
7.1625	0.0211	3.4200
7.1718	0.0125	3.4200
7.1692	0.0222	3.4200
7.1815	0.0164	3.4200
7.1697	0.0194	3.4200
7.1686	0.0189	3.4200
7.1756	0.0155	3.4200
7.1696	0.0168	3.4200
7.1713	0.0229	3.4200
7.1652	0.0179	3.4200
7.1701	0.0243	3.4200
7.1779	0.0182	3.4200
7.1728	0.0170	3.4200
7.1701	0.0198	3.4200
7.1750	0.0161	3.4200
7.1712	0.0168	3.4200
7.1663	0.0210	3.4200
7.1629	0.0173	3.4200
7.1670	0.0236	3.4200
7.1628	0.0167	3.4200
7.1657	0.0201	3.4200
7.1669	0.0227	3.4200
7.1730	0.0187	3.4200
7.1653	0.0168	3.4200
7.1695	0.0231	3.4200
7.1779	0.0233	3.4200
7.1628	0.0161	3.4200
7.1757	0.0168	3.4200
7.1601	0.0157	3.4200
7.1768	0.0186	3.4200
7.1583	0.0175	3.4200
7.1742	0.0204	3.4200
7.1685	0.0163	3.4200
7.1674	0.0156	3.4200
7.1705	0.0177	3.4200
7.1792	0.0132	3.4200
7.1721	0.0176	3.4200
7.1696	0.0193	3.4200
7.1681	0.0188	3.4200
7.1760	0.0112	3.4200
7.1695	0.0239	3.4200
7.1704	0.0205	3.4200
7.1818	0.0150	3.4200
7.1606	0.0253	3.4200
7.1829	0.0167	3.4200
7.1775	0.0173	3.4200
7.1776	0.0190	3.4200
7.1753	0.0196	3.4200
7.1755	0.0201	3.4200
7.1594	0.0282	3.4200
7.1637	0.0129	3.4200
7.1757	0.0124	3.4200
7.1721	0.0172	3.4200
7.1755	0.0214	3.4200
7.1818	0.0247	3.4200
7.1623	0.0189	3.4200
7.1754	0.0145	3.4200
7.1703	0.0170	3.4200
7.1591	0.0129	3.4200
7.1688	0.0166	3.4200
7.1808	0.0225	3.4200
7.1725	0.0178	3.4200
7.1747	0.0162	3.4200
7.1703	0.0202	3.4200
7.1736	0.0186	3.4200
7.1638	0.0175	3.4200
7.1725	0.0165	3.4200
7.1580	0.0187	3.4200
7.1663	0.0198	3.4200
7.1715	0.0117	3.4200
7.1632	0.0198	3.4200
7.1652	0.0151	3.4200
7.1772	0.0193	3.4200
7.1696	0.0152	3.4200
7.1636	0.0195	3.4200
7.1702	0.0168	3.4200
7.1712	0.0125	3.4200
7.1750	0.0165	3.4200
7.1607	0.0177	3.4200
7.1707	0.0153	3.4200
7.1704	0.0148	3.4200
7.1631	0.0199	3.4200
7.1601	0.0207	3.4200
7.1781	0.0140	3.4200
7.1583	0.0229	3.4200
7.1700	0.0209	3.4200
7.1794	0.0090	3.4200
7.1762	0.0117	3.4200
7.1827	0.0119	3.4200
7.1702	0.0163	3.4200
7.1694	0.0131	3.4200
7.1726	0.0192	3.4200
7.1752	0.0205	3.4200
7.1733	0.0112	3.4200
7.1665	0.0193	3.4200
7.1612	0.0159	3.4200
7.1809	0.0191	3.4200
7.1746	0.0145	3.4200
7.1752	0.0204	3.4200
7.1782	0.0156	3.4200
7.1789	0.0168	3.4200
7.1604	0.0164	3.4200
7.1633	0.0119	3.4200
7.1649	0.0209	3.4200
7.1754	0.0236	3.4200
7.1617	0.0164	3.4200
7.1807	0.0098	3.4200
7.1679	0.0139	3.4200
7.1636	0.0240	3.4200
7.1835	0.0127	3.4200
7.1712	0.0132	3.4200
7.1671	0.0169	3.4200
7.1644	0.0161	3.4200
7.1675	0.0169	3.4200
7.1769	0.0208	3.4200
7.1629	0.0169	3.4200
7.1729	0.0152	3.4200
7.1597	0.0171	3.4200
7.1694	0.0135	3.4200
7.1796	0.0134	3.4200
7.1577	0.0159	3.4200
7.1622	0.0184	3.4200
7.1643	0.0165	3.4200
7.1725	0.0102	3.4200
7.1671	0.0120	3.4200
7.1641	0.0198	3.4200
7.1672	0.0175	3.4200
7.1662	0.0246	3.4200
7.1575	0.0220	3.4200
7.1625	0.0236	3.4200
7.1572	0.0195	3.4200
7.1733	0.0156	3.4200
7.1676	0.0145	3.4200
7.1821	0.0125	3.4200
7.1658	0.0144	3.4200
7.1722	0.0244	3.4200
7.1770	0.0222	3.4200
7.1713	0.0099	3.4200
7.1750	0.0146	3.4200
7.1783	0.0119	3.4200
7.1614	0.0219	3.4200
7.1688	0.0193	3.4200
7.1552	0.0157	3.4200
7.1700	0.0218	3.4200
7.1668	0.0122	3.4200
7.1769	0.0247	3.4200
7.1746	0.0238	3.4200
7.1597	0.0173	3.4200
7.1720	0.0152	3.4200
7.1628	0.0241	3.4200
7.1763	0.0229	3.4200
7.1793	0.0170	3.4200
7.1700	0.0179	3.4200
7.1609	0.0100	3.4200
7.1861	0.0118	3.4200
7.1870	0.0173	3.4200
7.1815	0.0145	3.4200
7.1746	0.0231	3.4200
7.1842	0.0161	3.4200
7.1648	0.0193	3.4200
7.1622	0.0173	3.4200
7.1686	0.0180	3.4200
7.1743	0.0141	3.4200
7.1734	0.0117	3.4200
7.1692	0.0164	3.4200
7.1723	0.0202	3.4200
7.1688	0.0166	3.4200
7.1703	0.0127	3.4200
7.1761	0.0232	3.4200
7.1641	0.0172	3.4200
7.1744	0.0160	3.4200
7.1720	0.0145	3.4200
7.1759	0.0140	3.4200
7.1684	0.0240	3.4200
7.1679	0.0172	3.4200
7.1749	0.0156	3.4200
7.1565	0.0141	3.4200
7.1595	0.0227	3.4200
7.1765	0.0141	3.4200
7.1749	0.0220	3.4200
7.1612	0.0124	3.4200
7.1744	0.0186	3.4200
7.1622	0.0163	3.4200
7.1666	0.0301	3.4200
7.1598	0.0170	3.4200
7.1633	0.0147	3.4200
7.1701	0.0187	3.4200
7.1591	0.0176	3.4200
7.1640	0.0186	3.4200
7.1682	0.0177	3.4200
7.1694	0.0175	3.4200
7.1640	0.0137	3.4200
7.1601	0.0170	3.4200
7.1659	0.0212	3.4200
7.1685	0.0205	3.4200
7.1613	0.0154	3.4200
7.1695	0.0132	3.4200
7.1647	0.0219	3.4200
7.1567	0.0225	3.4200
7.1666	0.0261	3.4200
7.1693	0.0209	3.4200
7.1633	0.0225	3.4200
7.1724	0.0191	3.4200
7.1675	0.0204	3.4200
7.1710	0.0208	3.4200
7.1628	0.0141	3.4200
7.1748	0.0162	3.4200
7.1779	0.0254	3.4200
7.1666	0.0145	3.4200
7.1689	0.0152	3.4200
7.1679	0.0226	3.4200
7.1600	0.0144	3.4200
7.1712	0.0129	3.4200
7.1622	0.0145	3.4200
7.1675	0.0251	3.4200
7.1751	0.0179	3.4200
7.1732	0.0231	3.4200
7.1648	0.0173	3.4200
7.1696	0.0138	3.4200
7.1686	0.0201	3.4200
7.1643	0.0121	3.4200
7.1847	0.0180	3.4200
7.1660	0.0196	3.4200
7.1665	0.0090	3.4200
7.1649	0.0178	3.4200
7.1688	0.0131	3.4200
7.1659	0.0245	3.4200
7.1631	0.0252	3.4200
7.1877	0.0151	3.4200
7.1632	0.0183	3.4200
7.1702	0.0200	3.4200
7.1721	0.0212	3.4200
7.1776	0.0146	3.4200
7.1682	0.0126	3.4200
7.1612	0.0137	3.4200
7.1766	0.0188	3.4200
7.1586	0.0134	3.4200
7.1663	0.0110	3.4200
7.1727	0.0193	3.4200
7.1696	0.0201	3.4200
7.1728	0.0113	3.4200
7.1599	0.0172	3.4200
7.1572	0.0123	3.4200
7.1754	0.0096	3.4200
7.1695	0.0236	3.4200
7.1662	0.0176	3.4200
7.1747	0.0146	3.4200
7.1579	0.0168	3.4200
7.1550	0.0161	3.4200
7.1511	0.0199	3.4200
7.1619	0.0264	3.4200
7.1698	0.0183	3.4200
7.1813	0.0094	3.4200
7.1658	0.0160	3.4200
7.1745	0.0143	3.4200
7.1651	0.0263	3.4200
7.1783	0.0105	3.4200
7.1635	0.0174	3.4200
7.1761	0.0176	3.4200
7.1829	0.0123	3.4200
7.1585	0.0127	3.4200
7.1750	0.0157	3.4200
7.1592	0.0212	3.4200
7.1666	0.0210	3.4200
7.1722	0.0191	3.4200
7.1588	0.0126	3.4200
7.1754	0.0171	3.4200
7.1684	0.0187	3.4200
7.1710	0.0170	3.4200
7.1698	0.0148	3.4200
7.1726	0.0178	3.4200
7.1604	0.0129	3.4200
7.1721	0.0073	3.4200
7.1643	0.0130	3.4200
7.1701	0.0208	3.4200
7.1675	0.0150	3.4200
7.1710	0.0199	3.4200
7.1569	0.0190	3.4200
7.1557	0.0130	3.4200
7.1612	0.0160	3.4200
7.1734	0.0181	3.4200
7.1617	0.0276	3.4200
7.1674	0.0184	3.4200
7.1708	0.0150	3.4200
7.1779	0.0079	3.4200
7.1584	0.0271	3.4200
7.1682	0.0112	3.4200
7.1689	0.0158	3.4200
7.1728	0.0184	3.4200
7.1502	0.0206	3.4200
7.1613	0.0149	3.4200
7.1684	0.0154	3.4200
7.1681	0.0226	3.4200
7.1637	0.0160	3.4200
7.1707	0.0169	3.4200
7.1771	0.0176	3.4200
7.1652	0.0252	3.4200
7.1715	0.0171	3.4200
7.1622	0.0122	3.4200
7.1552	0.0271	3.4200
7.1737	0.0199	3.4200
7.1639	0.0264	3.4200
7.1619	0.0123	3.4200
7.1639	0.0247	3.4200
7.1740	0.0104	3.4200
7.1625	0.0225	3.4200
7.1664	0.0217	3.4200
7.1705	0.0205	3.4200
7.1584	0.0210	3.4200
7.1695	0.0157	3.4200
7.1636	0.0118	3.4200
7.1687	0.0216	3.4200
7.1619	0.0158	3.4200
7.1728	0.0164	3.4200
7.1621	0.0138	3.4200
7.1669	0.0208	3.4200
7.1622	0.0145	3.4200
7.1663	0.0223	3.4200
7.1632	0.0216	3.4200
7.1630	0.0136	3.4200
7.1642	0.0152	3.4200
7.1662	0.0153	3.4200
7.1527	0.0221	3.4200
7.1681	0.0165	3.4200
7.1781	0.0150	3.4200
7.1685	0.0098	3.4200
7.1660	0.0214	3.4200
7.1632	0.0161	3.4200
7.1824	0.0108	3.4200
7.1639	0.0171	3.4200
7.1751	0.0134	3.4200
7.1664	0.0260	3.4200
7.1659	0.0177	3.4200
7.1658	0.0193	3.4200
7.1763	0.0129	3.4200
7.1620	0.0253	3.4200
7.1705	0.0103	3.4200
7.1671	0.0147	3.4200
7.1765	0.0188	3.4200
7.1700	0.0123	3.4200
7.1803	0.0205	3.4200
7.1673	0.0146	3.4200
7.1554	0.0150	3.4200
7.1562	0.0144	3.4200
7.1696	0.0175	3.4200
7.1856	0.0208	3.4200
7.1724	0.0251	3.4200
7.1689	0.0140	3.4200
7.1719	0.0170	3.4200
7.1583	0.0138	3.4200
7.1706	0.0161	3.4200
7.1601	0.0140	3.4200
7.1698	0.0155	3.4200
7.1692	0.0127	3.4200
7.1609	0.0226	3.4200
7.1627	0.0163	3.4200
7.1628	0.0202	3.4200
7.1684	0.0153	3.4200
7.1630	0.0126	3.4200
7.1681	0.0155	3.4200
7.1728	0.0153	3.4200
7.1714	0.0162	3.4200
7.1727	0.0160	3.4200
7.1631	0.0186	3.4200
7.1646	0.0171	3.4200
7.1756	0.0135	3.4200
7.1694	0.0127	3.4200
7.1583	0.0295	3.4200
7.1707	0.0133	3.4200
7.1752	0.0174	3.4200
7.1716	0.0174	3.4200
7.1788	0.0162	3.4200
7.1659	0.0211	3.4200
7.1690	0.0217	3.4200
7.1612	0.0182	3.4200
7.1733	0.0219	3.4200
7.1690	0.0173	3.4200
7.1641	0.0204	3.4200
7.1751	0.0199	3.4200
7.1681	0.0127	3.4200
7.1704	0.0101	3.4200
7.1573	0.0197	3.4200
7.1609	0.0281	3.4200
7.1736	0.0128	3.4200
7.1669	0.0206	3.4200
7.1521	0.0190	3.4200
7.1610	0.0212	3.4200
7.1758	0.0208	3.4200
7.1520	0.0170	3.4200
7.1743	0.0236	3.4200
7.1669	0.0159	3.4200
7.1565	0.0186	3.4200
7.1706	0.0163	3.4200
7.1733	0.0162	3.4200
7.1694	0.0155	3.4200
7.1651	0.0100	3.4200
7.1732	0.0096	3.4200
7.1624	0.0221	3.4200
7.1735	0.0127	3.4200
7.1630	0.0195	3.4200
7.1573	0.0153	3.4200
7.1663	0.0160	3.4200
7.1682	0.0139	3.4200
7.1637	0.0190	3.4200
7.1784	0.0154	3.4200
7.1682	0.0163	3.4200
7.1679	0.0257	3.4200
7.1701	0.0202	3.4200
7.1719	0.0211	3.4200
7.1762	0.0109	3.4200
7.1633	0.0219	3.4200
7.1797	0.0192	3.4200
7.1713	0.0214	3.4200
7.1677	0.0140	3.4200
7.1747	0.0156	3.4200
7.1771	0.0175	3.4200
7.1812	0.0090	3.4200
7.1613	0.0240	3.4200
7.1592	0.0176	3.4200
7.1776	0.0231	3.4200
7.1699	0.0141	3.4200
7.1696	0.0246	3.4200
7.1599	0.0180	3.4200
7.1722	0.0136	3.4200
7.1572	0.0182	3.4200
7.1814	0.0237	3.4200
7.1660	0.0239	3.4200
7.1645	0.0193	3.4200
7.1707	0.0166	3.4200
7.1682	0.0290	3.4200
7.1795	0.0158	3.4200
7.1637	0.0193	3.4200
7.1670	0.0264	3.4200
7.1731	0.0106	3.4200
7.1598	0.0187	3.4200
7.1768	0.0184	3.4200
7.1611	0.0144	3.4200
7.1665	0.0266	3.4200
7.1694	0.0140	3.4200
7.1628	0.0228	3.4200
7.1615	0.0232	3.4200
7.1636	0.0229	3.4200
7.1560	0.0228	3.4200
7.1704	0.0175	3.4200
7.1762	0.0170	3.4200
7.1788	0.0159	3.4200
7.1623	0.0191	3.4200
7.1666	0.0168	3.4200
7.1601	0.0245	3.4200
7.1699	0.0150	3.4200
7.1592	0.0266	3.4200
7.1668	0.0171	3.4200
7.1800	0.0152	3.4200
7.1623	0.0085	3.4200
7.1758	0.0110	3.4200
7.1658	0.0135	3.4200
7.1724	0.0170	3.4200
7.1699	0.0215	3.4200
7.1691	0.0256	3.4200
7.1619	0.0221	3.4200
7.1772	0.0237	3.4200
7.1581	0.0175	3.4200
7.1630	0.0283	3.4200
7.1651	0.0094	3.4200
7.1684	0.0141	3.4200
7.1700	0.0172	3.4200
7.1623	0.0124	3.4200
7.1612	0.0106	3.4200
7.1587	0.0229	3.4200
7.1685	0.0236	3.4200
7.1694	0.0168	3.4200
7.1719	0.0210	3.4200
7.1712	0.0241	3.4200
7.1699	0.0195	3.4200
7.1494	0.0103	3.4200
7.1667	0.0185	3.4200
7.1622	0.0109	3.4200
7.1645	0.0164	3.4200
7.1684	0.0173	3.4200
7.1593	0.0145	3.4200
7.1622	0.0195	3.4200
7.1753	0.0120	3.4200
7.1603	0.0223	3.4200
7.1578	0.0199	3.4200
7.1749	0.0113	3.4200
7.1625	0.0155	3.4200
7.1568	0.0235	3.4200
7.1756	0.0193	3.4200
7.1744	0.0105	3.4200
7.1605	0.0167	3.4200
7.1602	0.0190	3.4200
7.1693	0.0227	3.4200
7.1737	0.0108	3.4200
7.1618	0.0217	3.4200
7.1612	0.0199	3.4200
7.1665	0.0169	3.4200
7.1624	0.0201	3.4200
7.1552	0.0118	3.4200
7.1627	0.0196	3.4200
7.1622	0.0180	3.4200
7.1738	0.0162	3.4200
7.1556	0.0203	3.4200
7.1687	0.0224	3.4200
7.1736	0.0175	3.4200
7.1572	0.0204	3.4200
7.1719	0.0170	3.4200
7.1681	0.0207	3.4200
7.1647	0.0185	3.4200
7.1663	0.0193	3.4200
7.1672	0.0212	3.4200
7.1752	0.0200	3.4200
7.1714	0.0208	3.4200
7.1717	0.0086	3.4200
7.1612	0.0239	3.4200
7.1646	0.0171	3.4200
7.1569	0.0163	3.4200
7.1719	0.0218	3.4200
7.1701	0.0167	3.4200
7.1695	0.0213	3.4200
7.1628	0.0143	3.4200
7.1524	0.0105	3.4200
7.1672	0.0170	3.4200
7.1744	0.0164	3.4200
7.1689	0.0144	3.4200
7.1691	0.0115	3.4200
7.1504	0.0129	3.4200
7.1681	0.0161	3.4200
7.1617	0.0256	3.4200
7.1652	0.0131	3.4200
7.1651	0.0146	3.4200
7.1634	0.0231	3.4200
7.1681	0.0151	3.4200
7.1647	0.0249	3.4200
7.1840	0.0150	3.4200
7.1733	0.0134	3.4200
7.1689	0.0162	3.4200
7.1660	0.0248	3.4200
7.1709	0.0149	3.4200
7.1740	0.0205	3.4200
7.1572	0.0243	3.4200
7.1695	0.0119	3.4200
7.1656	0.0231	3.4200
7.1726	0.0161	3.4200
7.1747	0.0144	3.4200
7.1690	0.0197	3.4200
7.1609	0.0175	3.4200
7.1719	0.0202	3.4200
7.1692	0.0222	3.4200
7.1788	0.0122	3.4200
7.1635	0.0238	3.4200
7.1604	0.0127	3.4200
7.1679	0.0242	3.4200
7.1780	0.0117	3.4200
7.1721	0.0214	3.4200
7.1564	0.0102	3.4200
7.1604	0.0167	3.4200
7.1725	0.0219	3.4200
7.1613	0.0161	3.4200
7.1771	0.0171	3.4200
7.1621	0.0198	3.4200
7.1673	0.0253	3.4200
7.1749	0.0203	3.4200
7.1734	0.0194	3.4200
7.1593	0.0180	3.4200
7.1679	0.0190	3.4200
7.1685	0.0127	3.4200
7.1750	0.0124	3.4200
7.1818	0.0139	3.4200
7.1757	0.0143	3.4200
7.1623	0.0111	3.4200
7.1596	0.0125	3.4200
7.1669	0.0207	3.4200
7.1641	0.0123	3.4200
7.1551	0.0238	3.4200
7.1682	0.0247	3.4200
7.1689	0.0181	3.4200
7.1700	0.0144	3.4200
7.1634	0.0198	3.4200
7.1642	0.0154	3.4200
7.1626	0.0218	3.4200
7.1693	0.0307	3.4200
7.1698	0.0158	3.4200
7.1638	0.0213	3.4200
7.1776	0.0311	3.4200
7.1721	0.0162	3.4200
7.1672	0.0198	3.4200
7.1658	0.0174	3.4200
7.1698	0.0224	3.4200
7.1697	0.0176	3.4200
7.1728	0.0228	3.4200
7.1772	0.0215	3.4200
7.1767	0.0210	3.4200
7.1656	0.0110	3.4200
7.1644	0.0185	3.4200
7.1767	0.0223	3.4200
7.1623	0.0161	3.4200
7.1664	0.0177	3.4200
7.1662	0.0159	3.4200
7.1600	0.0193	3.4200
7.1718	0.0188	3.4200
7.1808	0.0145	3.4200
7.1660	0.0222	3.4200
7.1507	0.0086	3.4200
7.1670	0.0206	3.4200
7.1593	0.0111	3.4200
7.1589	0.0230	3.4200
7.1685	0.0140	3.4200
7.1652	0.0104	3.4200
7.1744	0.0190	3.4200
7.1738	0.0136	3.4200
7.1761	0.0103	3.4200
7.1747	0.0191	3.4200
7.1567	0.0202	3.4200
7.1621	0.0159	3.4200
7.1672	0.0133	3.4200
7.1608	0.0210	3.4200
7.1634	0.0201	3.4200
7.1655	0.0151	3.4200
7.1705	0.0190	3.4200
7.1725	0.0150	3.4200
7.1634	0.0196	3.4200
7.1628	0.0197	3.4200
7.1666	0.0180	3.4200
7.1703	0.0218	3.4200
7.1631	0.0156	3.4200
7.1683	0.0188	3.4200
7.1642	0.0207	3.4200
7.1680	0.0161	3.4200
7.1563	0.0162	3.4200
7.1740	0.0154	3.4200
7.1624	0.0144	3.4200
7.1545	0.0174	3.4200
7.1606	0.0125	3.4200
7.1752	0.0199	3.4200
7.1524	0.0188	3.4200
7.1639	0.0103	3.4200
7.1721	0.0193	3.4200
7.1559	0.0161	3.4200
7.1619	0.0128	3.4200
7.1679	0.0201	3.4200
7.1622	0.0208	3.4200
7.1724	0.0221	3.4200
7.1744	0.0188	3.4200
7.1812	0.0135	3.4200
7.1578	0.0227	3.4200
7.1637	0.0172	3.4200
7.1658	0.0209	3.4200
7.1558	0.0208	3.4200
7.1728	0.0152	3.4200
7.1705	0.0220	3.4200
7.1667	0.0125	3.4200
7.1678	0.0092	3.4200
7.1676	0.0114	3.4200
7.1685	0.0209	3.4200
7.1677	0.0127	3.4200
7.1647	0.0099	3.4200
7.1675	0.0196	3.4200
7.1692	0.0146	3.4200
7.1556	0.0153	3.4200
7.1616	0.0201	3.4200
7.1593	0.0188	3.4200
7.1617	0.0140	3.4200
7.1674	0.0218	3.4200
7.1540	0.0166	3.4200
7.1615	0.0231	3.4200
7.1670	0.0208	3.4200
7.1720	0.0152	3.4200
7.1765	0.0195	3.4200
7.1753	0.0213	3.4200
7.1752	0.0110	3.4200
7.1694	0.0100	3.4200
7.1669	0.0258	3.4200
7.1590	0.0083	3.4200
7.1741	0.0179	3.4200
7.1614	0.0138	3.4200
7.1657	0.0261	3.4200
7.1608	0.0137	3.4200
7.1647	0.0205	3.4200
7.1725	0.0230	3.4200
7.1687	0.0263	3.4200
7.1750	0.0169	3.4200
7.1589	0.0134	3.4200
7.1668	0.0133	3.4200
7.1498	0.0215	3.4200
7.1551	0.0189	3.4200
7.1656	0.0139	3.4200
7.1729	0.0171	3.4200
7.1674	0.0188	3.4200
7.1648	0.0199	3.4200
7.1735	0.0139	3.4200
7.1747	0.0158	3.4200
7.1585	0.0192	3.4200
7.1708	0.0215	3.4200
7.1611	0.0165	3.4200
7.1581	0.0201	3.4200
7.1582	0.0281	3.4200
7.1823	0.0080	3.4200
7.1577	0.0242	3.4200
7.1641	0.0162	3.4200
7.1736	0.0270	3.4200
7.1606	0.0150	3.4200
7.1591	0.0177	3.4200
7.1607	0.0141	3.4200
7.1693	0.0207	3.4200
7.1711	0.0116	3.4200
7.1551	0.0163	3.4200
7.1712	0.0135	3.4200
7.1731	0.0143	3.4200
7.1621	0.0224	3.4200
7.1688	0.0098	3.4200
7.1678	0.0112	3.4200
7.1747	0.0144	3.4200
7.1697	0.0273	3.4200
7.1640	0.0172	3.4200
7.1701	0.0192	3.4200
7.1598	0.0185	3.4200
7.1726	0.0143	3.4200
7.1584	0.0169	3.4200
7.1570	0.0235	3.4200
7.1620	0.0227	3.4200
7.1720	0.0169	3.4200
7.1671	0.0193	3.4200
7.1754	0.0140	3.4200
7.1602	0.0166	3.4200
7.1588	0.0207	3.4200
7.1706	0.0137	3.4200
7.1776	0.0120	3.4200
7.1653	0.0169	3.4200
7.1572	0.0207	3.4200
7.1670	0.0189	3.4200
7.1690	0.0261	3.4200
7.1563	0.0168	3.4200
7.1772	0.0249	3.4200
7.1632	0.0205	3.4200
7.1777	0.0160	3.4200
7.1729	0.0290	3.4200
7.1661	0.0188	3.4200
7.1557	0.0180	3.4200
7.1702	0.0236	3.4200
7.1579	0.0121	3.4200
7.1659	0.0239	3.4200
7.1546	0.0196	3.4200
7.1676	0.0154	3.4200
7.1713	0.0105	3.4200
7.1588	0.0142	3.4200
7.1717	0.0214	3.4200
7.1660	0.0235	3.4200
7.1642	0.0178	3.4200
7.1795	0.0162	3.4200
7.1690	0.0133	3.4200
7.1770	0.0185	3.4200
7.1675	0.0105	3.4200
7.1565	0.0155	3.4200
7.1729	0.0152	3.4200
7.1769	0.0128	3.4200
7.1674	0.0125	3.4200
7.1633	0.0227	3.4200
7.1504	0.0160	3.4200
7.1687	0.0123	3.4200
7.1783	0.0129	3.4200
7.1595	0.0229	3.4200
7.1641	0.0236	3.4200
7.1764	0.0160	3.4200
7.1650	0.0190	3.4200
7.1731	0.0282	3.4200
7.1653	0.0143	3.4200
7.1623	0.0183	3.4200
7.1659	0.0140	3.4200
7.1666	0.0217	3.4200
7.1643	0.0150	3.4200
7.1653	0.0173	3.4200
7.1754	0.0141	3.4200
7.1628	0.0203	3.4200
7.1620	0.0175	3.4200
7.1741	0.0134	3.4200
7.1644	0.0245	3.4200
7.1615	0.0166	3.4200
7.1754	0.0175	3.4200
7.1653	0.0213	3.4200
7.1757	0.0327	3.4200
7.1579	0.0189	3.4200
7.1730	0.0237	3.4200
7.1700	0.0231	3.4200
7.1605	0.0173	3.4200
7.1788	0.0129	3.4200
7.1635	0.0162	3.4200
7.1696	0.0194	3.4200
7.1695	0.0179	3.4200
7.1659	0.0167	3.4200
7.1604	0.0174	3.4200
7.1701	0.0279	3.4200
7.1751	0.0150	3.4200
7.1676	0.0205	3.4200
7.1511	0.0177	3.4200
7.1723	0.0174	3.4200
7.1662	0.0214	3.4200
7.1614	0.0205	3.4200
7.1681	0.0190	3.4200
7.1720	0.0222	3.4200
7.1733	0.0257	3.4200
7.1743	0.0215	3.4200
7.1587	0.0184	3.4200
7.1742	0.0209	3.4200
7.1614	0.0166	3.4200
7.1686	0.0190	3.4200
7.1833	0.0128	3.4200
7.1827	0.0187	3.4200
7.1657	0.0284	3.4200
7.1779	0.0237	3.4200
7.1683	0.0098	3.4200
7.1658	0.0152	3.4200
7.1714	0.0213	3.4200
7.1777	0.0135	3.4200
7.1590	0.0105	3.4200
7.1632	0.0128	3.4200
7.1707	0.0128	3.4200
7.1719	0.0166	3.4200
7.1702	0.0150	3.4200
7.1563	0.0233	3.4200
7.1831	0.0186	3.4200
7.1689	0.0223	3.4200
7.1554	0.0246	3.4200
7.1701	0.0163	3.4200
7.1602	0.0177	3.4200
7.1693	0.0187	3.4200
7.1748	0.0156	3.4200
7.1577	0.0238	3.4200
7.1753	0.0205	3.4200
7.1653	0.0213	3.4200
7.1633	0.0218	3.4200
7.1586	0.0185	3.4200
7.1701	0.0101	3.4200
7.1778	0.0260	3.4200
7.1705	0.0131	3.4200
7.1671	0.0142	3.4200
7.1626	0.0232	3.4200
7.1593	0.0172	3.4200
7.1560	0.0228	3.4200
7.1562	0.0116	3.4200
7.1663	0.0169	3.4200
7.1707	0.0216	3.4200
7.1589	0.0135	3.4200
7.1593	0.0139	3.4200
7.1735	0.0185	3.4200
7.1693	0.0181	3.4200
7.1616	0.0170	3.4200
7.1671	0.0209	3.4200
7.1589	0.0222	3.4200
7.1740	0.0218	3.4200
7.1822	0.0205	3.4200
7.1629	0.0180	3.4200
7.1792	0.0112	3.4200
7.1629	0.0142	3.4200
7.1770	0.0170	3.4200
7.1738	0.0196	3.4200
7.1742	0.0066	3.4200
7.1694	0.0122	3.4200
7.1622	0.0199	3.4200
7.1723	0.0185	3.4200
7.1558	0.0167	3.4200
7.1648	0.0192	3.4200
7.1536	0.0247	3.4200
7.1744	0.0120	3.4200
7.1641	0.0184	3.4200
7.1681	0.0165	3.4200
7.1651	0.0173	3.4200
7.1727	0.0173	3.4200
7.1702	0.0141	3.4200
7.1743	0.0224	3.4200
7.1680	0.0296	3.4200
7.1694	0.0173	3.4200
7.1663	0.0194	3.4200
7.1640	0.0241	3.4200
7.1696	0.0190	3.4200
7.1740	0.0124	3.4200
7.1619	0.0140	3.4200
7.1526	0.0247	3.4200
7.1679	0.0129	3.4200
7.1569	0.0218	3.4200
7.1551	0.0278	3.4200
7.1783	0.0214	3.4200
7.1716	0.0202	3.4200
7.1604	0.0184	3.4200
7.1614	0.0245	3.4200
7.1822	0.0131	3.4200
7.1696	0.0138	3.4200
7.1767	0.0158	3.4200
7.1722	0.0232	3.4200
7.1656	0.0180	3.4200
7.1667	0.0160	3.4200
7.1646	0.0157	3.4200
7.1659	0.0132	3.4200
7.1608	0.0169	3.4200
7.1608	0.0196	3.4200
7.1876	0.0130	3.4200
7.1563	0.0245	3.4200
7.1690	0.0184	3.4200
7.1608	0.0146	3.4200
7.1749	0.0205	3.4200
7.1672	0.0131	3.4200
7.1672	0.0103	3.4200
7.1633	0.0182	3.4200
7.1672	0.0199	3.4200
7.1621	0.0154	3.4200
7.1672	0.0192	3.4200
7.1789	0.0114	3.4200
7.1694	0.0181	3.4200
7.1762	0.0138	3.4200
7.1788	0.0153	3.4200
7.1671	0.0156	3.4200
7.1820	0.0149	3.4200
7.1788	0.0149	3.4200
7.1730	0.0204	3.4200
7.1692	0.0156	3.4200
7.1802	0.0208	3.4200
7.1740	0.0164	3.4200
7.1602	0.0148	3.4200
7.1707	0.0108	3.4200
7.1764	0.0221	3.4200
7.1645	0.0259	3.4200
7.1731	0.0143	3.4200
7.1607	0.0242	3.4200
7.1719	0.0263	3.4200
7.1652	0.0204	3.4200
7.1776	0.0079	3.4200
7.1648	0.0237	3.4200
7.1648	0.0178	3.4200
7.1707	0.0157	3.4200
7.1638	0.0241	3.4200
7.1740	0.0200	3.4200
7.1691	0.0176	3.4200
7.1572	0.0082	3.4200
7.1589	0.0165	3.4200
7.1644	0.0173	3.4200
7.1587	0.0193	3.4200
7.1700	0.0243	3.4200
7.1695	0.0180	3.4200
7.1713	0.0188	3.4200
7.1554	0.0196	3.4200
7.1680	0.0267	3.4200
7.1635	0.0107	3.4200
7.1781	0.0253	3.4200
7.1616	0.0193	3.4200
7.1696	0.0204	3.4200
7.1664	0.0093	3.4200
7.1712	0.0238	3.4200
7.1714	0.0160	3.4200
7.1773	0.0143	3.4200
7.1635	0.0210	3.4200
7.1646	0.0232	3.4200
7.1684	0.0207	3.4200
7.1788	0.0210	3.4200
7.1704	0.0230	3.4200
7.1754	0.0142	3.4200
7.1642	0.0198	3.4200
7.1634	0.0275	3.4200
7.1661	0.0182	3.4200
7.1751	0.0174	3.4200
7.1838	0.0185	3.4200
7.1808	0.0184	3.4200
7.1743	0.0124	3.4200
7.1615	0.0129	3.4200
7.1766	0.0170	3.4200
7.1596	0.0172	3.4200
7.1681	0.0188	3.4200
7.1751	0.0172	3.4200
7.1710	0.0176	3.4200
7.1637	0.0256	3.4200
7.1705	0.0208	3.4200
7.1626	0.0178	3.4200
7.1769	0.0245	3.4200
7.1636	0.0186	3.4200
7.1737	0.0259	3.4200
7.1720	0.0219	3.4200
7.1752	0.0211	3.4200
7.1625	0.0154	3.4200
7.1765	0.0119	3.4200
7.1665	0.0196	3.4200
7.1823	0.0191	3.4200
7.1624	0.0203	3.4200
7.1672	0.0220	3.4200
7.1636	0.0209	3.4200
7.1719	0.0193	3.4200
7.1685	0.0190	3.4200
7.1572	0.0143	3.4200
7.1867	0.0207	3.4200
7.1867	0.0219	3.4200
7.1742	0.0189	3.4200
7.1669	0.0236	3.4200
7.1626	0.0257	3.4200
7.1794	0.0163	3.4200
7.1728	0.0180	3.4200
7.1869	0.0120	3.4200
7.1817	0.0154	3.4200
7.1822	0.0132	3.4200
7.1852	0.0201	3.4200
7.1667	0.0201	3.4200
7.1739	0.0202	3.4200
7.1625	0.0166	3.4200
7.1707	0.0240	3.4200
7.1624	0.0192	3.4200
7.1775	0.0119	3.4200
7.1655	0.0217	3.4200
7.1676	0.0180	3.4200
7.1609	0.0191	3.4200
7.1678	0.0215	3.4200
7.1789	0.0189	3.4200
7.1645	0.0154	3.4200
7.1677	0.0237	3.4200
10.2292	1.0762	3.3240
10.5694	0.0003	3.4200
10.5693	0.0002	3.5240
10.5693	0.0003	3.6200
10.5693	0.0003	3.7360
10.5691	0.0003	3.8240
10.5692	0.0003	3.9120
10.5694	0.0004	4.0200
10.5694	0.0003	4.1080
10.5694	0.0003	4.2080
10.5693	0.0003	4.3120
10.5694	0.0003	4.4160
10.5694	0.0003	4.5200
10.5693	0.0002	4.6160
10.5694	0.0003	4.7160
10.5692	0.0003	4.8400
10.5693	0.0003	4.9400
10.5696	0.0003	5.0200
10.5692	0.0004	5.1240
10.5693	0.0004	5.2120
10.5694	0.0003	5.3280
10.5694	0.0003	5.4200
10.5693	0.0004	5.5280
10.5694	0.0004	5.6200
10.5693	0.0004	5.7120
10.5694	0.0004	5.8040
10.5695	0.0002	5.9120
10.5694	0.0002	6.0080
10.5693	0.0003	6.1240
10.5694	0.0002	6.2240
10.5692	0.0003	6.3080
10.5694	0.0004	6.4080
10.5692	0.0004	6.5240
10.5694	0.0002	6.6280
10.5692	0.0003	6.7280
10.5694	0.0004	6.8200
10.5692	0.0003	6.9200
10.5695	0.0003	7.0280
10.5695	0.0004	7.1200
10.5694	0.0005	7.2200
10.5694	0.0002	7.3080
10.5695	0.0004	7.4360
10.5693	0.0002	7.5000
10.5693	0.0003	7.6280
10.5692	0.0004	7.7160
10.5694	0.0004	7.8280
10.5691	0.0004	7.9240
10.5694	0.0003	8.0120
10.5694	0.0003	8.1240
10.5694	0.0004	8.2240
10.5694	0.0003	8.3200
10.5693	0.0005	8.4120
10.5693	0.0005	8.5200
10.5693	0.0003	8.6080
10.5695	0.0005	8.7240
10.5694	0.0002	8.8200
10.5692	0.0003	8.9160
10.5692	0.0004	9.0200
10.5693	0.0003	9.1200
10.5694	0.0003	9.2160
10.5693	0.0003	9.3120
