#created automatically by Plunger Feedback Control for Linux (PFCL) 
#date: 24/03/2023 17.11
#order: spg. SD spg
#pc: DESKTOP-G0MI776
#run: 0005
#distcal: distcal_helium_24032023
#sollabstand: 2

7.5197	0.0191	2.4080
7.5151	0.0227	2.4080
7.5244	0.0192	2.4080
7.5276	0.0179	2.4080
7.5242	0.0232	2.4080
7.5367	0.0153	2.4080
7.5261	0.0207	2.4080
7.5261	0.0202	2.4080
7.5284	0.0166	2.4080
7.5273	0.0113	2.4080
7.5380	0.0190	2.4080
7.5362	0.0200	2.4080
7.5328	0.0157	2.4080
7.5370	0.0141	2.4080
7.5233	0.0229	2.4080
7.5143	0.0183	2.4080
7.5244	0.0164	2.4080
7.5228	0.0221	2.4080
7.5289	0.0167	2.4080
7.5348	0.0120	2.4080
7.5262	0.0124	2.4080
7.5319	0.0091	2.4080
7.5369	0.0181	2.4080
7.5309	0.0212	2.4080
7.5297	0.0253	2.4080
7.5335	0.0169	2.4080
7.5235	0.0135	2.4080
7.5320	0.0247	2.4080
7.5277	0.0199	2.4080
7.5229	0.0280	2.4080
7.5315	0.0157	2.4080
7.5394	0.0151	2.4080
7.5327	0.0162	2.4080
7.5252	0.0157	2.4080
7.5339	0.0172	2.4080
7.5308	0.0155	2.4080
7.5337	0.0226	2.4080
7.5163	0.0179	2.4080
7.5372	0.0149	2.4080
7.5333	0.0203	2.4080
7.5231	0.0149	2.4080
7.5366	0.0209	2.4080
7.5312	0.0208	2.4080
7.5229	0.0183	2.4080
7.5204	0.0114	2.4080
7.5298	0.0245	2.4080
7.5233	0.0158	2.4080
7.5285	0.0206	2.4080
7.5270	0.0204	2.4080
7.5279	0.0120	2.4080
7.5387	0.0154	2.4080
7.5214	0.0210	2.4080
7.5180	0.0177	2.4080
7.5224	0.0180	2.4080
7.5268	0.0171	2.4080
7.5353	0.0168	2.4080
7.5204	0.0289	2.4080
7.5190	0.0169	2.4080
7.5352	0.0171	2.4080
7.5141	0.0214	2.4080
7.5286	0.0154	2.4080
7.5353	0.0141	2.4080
7.5307	0.0168	2.4080
7.5199	0.0164	2.4080
7.5284	0.0243	2.4080
7.5238	0.0132	2.4080
7.5273	0.0192	2.4080
7.5263	0.0138	2.4080
7.5125	0.0155	2.4080
7.5246	0.0198	2.4080
7.5314	0.0110	2.4080
7.5223	0.0214	2.4080
7.5316	0.0146	2.4080
7.5288	0.0222	2.4080
7.5427	0.0213	2.4080
7.5288	0.0153	2.4080
7.5378	0.0165	2.4080
7.5156	0.0189	2.4080
7.5312	0.0234	2.4080
7.5262	0.0241	2.4080
7.5308	0.0219	2.4080
7.5248	0.0217	2.4080
7.5301	0.0187	2.4080
7.5197	0.0176	2.4080
7.5313	0.0207	2.4080
7.5263	0.0108	2.4080
7.5376	0.0245	2.4080
7.5278	0.0124	2.4080
7.5206	0.0267	2.4080
7.5236	0.0174	2.4080
7.5445	0.0157	2.4080
7.5235	0.0286	2.4080
7.5320	0.0216	2.4080
7.5305	0.0252	2.4080
7.5338	0.0216	2.4080
7.5312	0.0241	2.4080
7.5265	0.0188	2.4080
7.5261	0.0164	2.4080
7.5400	0.0240	2.4080
7.5367	0.0192	2.4080
7.5195	0.0242	2.4080
7.5268	0.0234	2.4080
7.5311	0.0245	2.4080
7.5364	0.0238	2.4080
7.5238	0.0227	2.4080
7.5186	0.0188	2.4080
7.5237	0.0167	2.4080
7.5239	0.0153	2.4080
7.5200	0.0231	2.4080
7.5349	0.0135	2.4080
7.5277	0.0256	2.4080
7.5246	0.0151	2.4080
7.5336	0.0168	2.4080
7.5233	0.0179	2.4080
7.5268	0.0116	2.4080
7.5152	0.0258	2.4080
7.5282	0.0138	2.4080
7.5270	0.0096	2.4080
7.5328	0.0212	2.4080
7.5169	0.0193	2.4080
7.5142	0.0264	2.4080
7.5316	0.0168	2.4080
7.5249	0.0263	2.4080
7.5195	0.0146	2.4080
7.5406	0.0217	2.4080
7.5232	0.0187	2.4080
7.5195	0.0168	2.4080
7.5393	0.0157	2.4080
7.5196	0.0149	2.4080
7.5341	0.0208	2.4080
7.5246	0.0144	2.4080
7.5228	0.0203	2.4080
7.5227	0.0149	2.4080
7.5322	0.0118	2.4080
7.5284	0.0232	2.4080
7.5372	0.0152	2.4080
7.5231	0.0207	2.4080
7.5333	0.0201	2.4080
7.5310	0.0148	2.4080
7.5253	0.0197	2.4080
7.5168	0.0145	2.4080
7.5252	0.0186	2.4080
7.5304	0.0327	2.4080
7.5211	0.0136	2.4080
7.5286	0.0211	2.4080
7.5308	0.0128	2.4080
7.5307	0.0233	2.4080
7.5338	0.0192	2.4080
7.5337	0.0221	2.4080
7.5313	0.0137	2.4080
7.5289	0.0170	2.4080
7.5326	0.0145	2.4080
7.5238	0.0220	2.4080
7.5254	0.0127	2.4080
7.5262	0.0175	2.4080
7.5193	0.0190	2.4080
7.5278	0.0165	2.4080
7.5261	0.0166	2.4080
7.5288	0.0100	2.4080
7.5387	0.0212	2.4080
7.5330	0.0105	2.4080
7.5220	0.0196	2.4080
7.5271	0.0155	2.4080
7.5195	0.0131	2.4080
7.5321	0.0201	2.4080
7.5218	0.0106	2.4080
7.5313	0.0203	2.4080
7.5249	0.0188	2.4080
7.5262	0.0232	2.4080
7.5235	0.0150	2.4080
7.5263	0.0200	2.4080
7.5309	0.0108	2.4080
7.5278	0.0186	2.4080
7.5217	0.0140	2.4080
7.5299	0.0277	2.4080
7.5391	0.0231	2.4080
7.5206	0.0178	2.4080
7.5286	0.0153	2.4080
7.5217	0.0236	2.4080
7.5236	0.0180	2.4080
7.5373	0.0206	2.4080
7.5234	0.0149	2.4080
7.5199	0.0204	2.4080
7.5194	0.0259	2.4080
7.5376	0.0148	2.4080
7.5386	0.0233	2.4080
7.5354	0.0203	2.4080
7.5234	0.0277	2.4080
7.5226	0.0215	2.4080
7.5345	0.0208	2.4080
7.5281	0.0223	2.4080
7.5248	0.0201	2.4080
7.5331	0.0095	2.4080
7.5281	0.0203	2.4080
7.5230	0.0211	2.4080
7.5237	0.0223	2.4080
7.5280	0.0241	2.4080
7.5224	0.0212	2.4080
7.5311	0.0136	2.4080
7.5350	0.0159	2.4080
7.5293	0.0131	2.4080
7.5239	0.0225	2.4080
7.5245	0.0189	2.4080
7.5312	0.0164	2.4080
7.5214	0.0132	2.4080
7.5388	0.0210	2.4080
7.5301	0.0262	2.4080
7.5288	0.0164	2.4080
7.5191	0.0198	2.4080
7.5241	0.0223	2.4080
7.5260	0.0242	2.4080
7.5251	0.0238	2.4080
7.5273	0.0135	2.4080
7.5315	0.0185	2.4080
7.5413	0.0159	2.4080
7.5266	0.0210	2.4080
7.5269	0.0113	2.4080
7.5332	0.0108	2.4080
7.5142	0.0156	2.4080
7.5234	0.0170	2.4080
7.5270	0.0212	2.4080
7.5215	0.0207	2.4080
7.5240	0.0143	2.4080
7.5288	0.0205	2.4080
7.5342	0.0122	2.4080
7.5124	0.0238	2.4080
7.5166	0.0162	2.4080
7.5122	0.0214	2.4080
7.5311	0.0096	2.4080
7.5322	0.0196	2.4080
7.5206	0.0222	2.4080
7.5337	0.0150	2.4080
7.5232	0.0147	2.4080
7.5263	0.0187	2.4080
7.5195	0.0208	2.4080
7.5290	0.0160	2.4080
7.5285	0.0196	2.4080
7.5356	0.0138	2.4080
7.5313	0.0179	2.4080
7.5239	0.0199	2.4080
7.5387	0.0098	2.4080
7.5306	0.0176	2.4080
7.5302	0.0146	2.4080
7.5314	0.0166	2.4080
7.5285	0.0195	2.4080
7.5315	0.0166	2.4080
7.5275	0.0242	2.4080
7.5289	0.0231	2.4080
7.5260	0.0212	2.4080
7.5376	0.0226	2.4080
7.5288	0.0181	2.4080
7.5346	0.0118	2.4080
7.5267	0.0203	2.4080
7.5397	0.0191	2.4080
7.5292	0.0161	2.4080
7.5300	0.0288	2.4080
7.5344	0.0201	2.4080
7.5422	0.0272	2.4080
7.5284	0.0114	2.4080
7.5323	0.0144	2.4080
7.5299	0.0244	2.4080
7.5374	0.0176	2.4080
7.5291	0.0162	2.4080
7.5141	0.0241	2.4080
7.5258	0.0205	2.4080
7.5209	0.0145	2.4080
7.5376	0.0138	2.4080
7.5274	0.0163	2.4080
7.5362	0.0198	2.4080
7.5375	0.0140	2.4080
7.5342	0.0223	2.4080
7.5297	0.0119	2.4080
7.5283	0.0134	2.4080
7.5330	0.0131	2.4080
7.5257	0.0115	2.4080
7.5264	0.0254	2.4080
7.5403	0.0091	2.4080
7.5375	0.0138	2.4080
7.5388	0.0245	2.4080
7.5363	0.0190	2.4080
7.5337	0.0233	2.4080
7.5303	0.0180	2.4080
7.5251	0.0215	2.4080
7.5228	0.0222	2.4080
7.5255	0.0250	2.4080
7.5356	0.0224	2.4080
7.5315	0.0151	2.4080
7.5327	0.0211	2.4080
7.5353	0.0216	2.4080
7.5256	0.0145	2.4080
7.5289	0.0168	2.4080
7.5335	0.0184	2.4080
7.5306	0.0181	2.4080
7.5236	0.0201	2.4080
7.5281	0.0168	2.4080
7.5389	0.0197	2.4080
7.5205	0.0211	2.4080
7.5335	0.0131	2.4080
7.5190	0.0158	2.4080
7.5416	0.0183	2.4080
7.5293	0.0221	2.4080
7.5307	0.0162	2.4080
7.5240	0.0123	2.4080
7.5351	0.0244	2.4080
7.5356	0.0207	2.4080
7.5250	0.0233	2.4080
7.5404	0.0154	2.4080
7.5370	0.0234	2.4080
7.5342	0.0199	2.4080
7.5336	0.0120	2.4080
7.5202	0.0175	2.4080
7.5374	0.0141	2.4080
7.5389	0.0206	2.4080
7.5364	0.0157	2.4080
7.5297	0.0172	2.4080
7.5299	0.0156	2.4080
7.5298	0.0176	2.4080
7.5399	0.0149	2.4080
7.5282	0.0201	2.4080
7.5440	0.0165	2.4080
7.5331	0.0241	2.4080
7.5298	0.0177	2.4080
7.5299	0.0255	2.4080
7.5433	0.0146	2.4080
7.5326	0.0251	2.4080
7.5251	0.0210	2.4080
7.5379	0.0171	2.4080
7.5401	0.0081	2.4080
7.5237	0.0182	2.4080
7.5364	0.0134	2.4080
7.5345	0.0209	2.4080
7.5387	0.0116	2.4080
7.5259	0.0225	2.4080
7.5259	0.0209	2.4080
7.5378	0.0174	2.4080
7.5259	0.0225	2.4080
7.5364	0.0148	2.4080
7.5315	0.0243	2.4080
7.5131	0.0161	2.4080
7.5309	0.0172	2.4080
7.5330	0.0144	2.4080
7.5266	0.0180	2.4080
7.5328	0.0245	2.4080
7.5278	0.0121	2.4080
7.5237	0.0208	2.4080
7.5316	0.0244	2.4080
7.5298	0.0112	2.4080
7.5450	0.0142	2.4080
7.5238	0.0190	2.4080
7.5348	0.0222	2.4080
7.5255	0.0182	2.4080
7.5386	0.0164	2.4080
7.5228	0.0200	2.4080
7.5326	0.0249	2.4080
7.5281	0.0192	2.4080
7.5357	0.0162	2.4080
7.5362	0.0167	2.4080
7.5264	0.0239	2.4080
7.5376	0.0148	2.4080
7.5241	0.0234	2.4080
7.5279	0.0196	2.4080
7.5386	0.0195	2.4080
7.5299	0.0166	2.4080
7.5414	0.0129	2.4080
7.5385	0.0159	2.4080
7.5361	0.0194	2.4080
7.5416	0.0149	2.4080
7.5386	0.0319	2.4080
7.5385	0.0237	2.4080
7.5380	0.0158	2.4080
7.5255	0.0230	2.4080
7.5332	0.0097	2.4080
7.5381	0.0152	2.4080
7.5365	0.0179	2.4080
7.5301	0.0149	2.4080
7.5242	0.0119	2.4080
7.5347	0.0207	2.4080
7.5260	0.0139	2.4080
7.5293	0.0206	2.4080
7.5291	0.0179	2.4080
7.5336	0.0141	2.4080
7.5375	0.0270	2.4080
7.5330	0.0258	2.4080
7.5276	0.0179	2.4080
7.5425	0.0097	2.4080
7.5301	0.0171	2.4080
7.5354	0.0210	2.4080
7.5279	0.0262	2.4080
7.5302	0.0173	2.4080
7.5279	0.0230	2.4080
7.5312	0.0214	2.4080
7.5233	0.0157	2.4080
7.5360	0.0157	2.4080
7.5311	0.0186	2.4080
7.5258	0.0188	2.4080
7.5328	0.0149	2.4080
7.5301	0.0156	2.4080
7.5234	0.0182	2.4080
7.5356	0.0150	2.4080
7.5282	0.0227	2.4080
7.5260	0.0194	2.4080
7.5294	0.0133	2.4080
7.5353	0.0188	2.4080
7.5267	0.0177	2.4080
7.5299	0.0142	2.4080
7.5456	0.0175	2.4080
7.5327	0.0185	2.4080
7.5342	0.0143	2.4080
7.5377	0.0146	2.4080
7.5243	0.0144	2.4080
7.5402	0.0185	2.4080
7.5335	0.0082	2.4080
7.5464	0.0176	2.4080
7.5409	0.0272	2.4080
7.5333	0.0176	2.4080
7.5453	0.0205	2.4080
7.5325	0.0182	2.4080
7.5282	0.0212	2.4080
7.5349	0.0160	2.4080
7.5304	0.0192	2.4080
7.5506	0.0130	2.4080
7.5415	0.0200	2.4080
7.5297	0.0278	2.4080
7.5510	0.0188	2.4080
7.5451	0.0179	2.4080
7.5389	0.0229	2.4080
7.5277	0.0138	2.4080
7.5315	0.0178	2.4080
7.5312	0.0194	2.4080
7.5150	0.0210	2.4080
7.5385	0.0122	2.4080
7.5252	0.0188	2.4080
7.5296	0.0191	2.4080
7.5391	0.0154	2.4080
7.5285	0.0192	2.4080
7.5280	0.0173	2.4080
7.5441	0.0240	2.4080
7.5399	0.0313	2.4080
7.5350	0.0208	2.4080
7.5324	0.0186	2.4080
7.5361	0.0222	2.4080
7.5342	0.0241	2.4080
7.5353	0.0254	2.4080
7.5315	0.0164	2.4080
7.5429	0.0230	2.4080
7.5315	0.0190	2.4080
7.5382	0.0126	2.4080
7.5364	0.0326	2.4080
7.5389	0.0176	2.4080
7.5350	0.0262	2.4080
7.5352	0.0220	2.4080
7.5215	0.0165	2.4080
7.5384	0.0160	2.4080
7.5388	0.0151	2.4080
7.5092	0.0241	2.4080
7.5358	0.0190	2.4080
7.5210	0.0227	2.4080
7.5444	0.0140	2.4080
7.5251	0.0217	2.4080
7.5383	0.0135	2.4080
7.5222	0.0251	2.4080
7.5329	0.0158	2.4080
7.5366	0.0176	2.4080
7.5278	0.0235	2.4080
7.5253	0.0171	2.4080
7.5449	0.0143	2.4080
7.5394	0.0136	2.4080
7.5304	0.0201	2.4080
7.5402	0.0149	2.4080
7.5389	0.0262	2.4080
7.5401	0.0127	2.4080
7.5254	0.0240	2.4080
7.5246	0.0214	2.4080
7.5387	0.0217	2.4080
7.5300	0.0209	2.4080
7.5306	0.0325	2.4080
7.5239	0.0193	2.4080
7.5401	0.0290	2.4080
7.5323	0.0239	2.4080
7.5372	0.0150	2.4080
7.5369	0.0136	2.4080
7.5462	0.0219	2.4080
7.5254	0.0194	2.4080
7.5336	0.0275	2.4080
7.5311	0.0226	2.4080
7.5417	0.0208	2.4080
7.5446	0.0164	2.4080
7.5309	0.0138	2.4080
7.5270	0.0117	2.4080
7.5376	0.0176	2.4080
7.5287	0.0240	2.4080
7.5337	0.0266	2.4080
7.5282	0.0162	2.4080
7.5277	0.0177	2.4080
7.5381	0.0116	2.4080
7.5308	0.0250	2.4080
7.5220	0.0120	2.4080
7.5262	0.0215	2.4080
7.5337	0.0203	2.4080
7.5229	0.0227	2.4080
7.5410	0.0168	2.4080
7.5356	0.0167	2.4080
7.5368	0.0211	2.4080
7.5264	0.0235	2.4080
7.5407	0.0056	2.4080
7.5354	0.0172	2.4080
7.5370	0.0160	2.4080
7.5356	0.0231	2.4080
7.5331	0.0195	2.4080
7.5287	0.0255	2.4080
7.5323	0.0240	2.4080
7.5361	0.0155	2.4080
7.5361	0.0162	2.4080
7.5411	0.0222	2.4080
7.5451	0.0206	2.4080
7.5369	0.0221	2.4080
7.5357	0.0231	2.4080
7.5333	0.0244	2.4080
7.5370	0.0191	2.4080
7.5377	0.0224	2.4080
7.5291	0.0223	2.4080
7.5319	0.0240	2.4080
7.5332	0.0093	2.4080
7.5384	0.0163	2.4080
7.5502	0.0173	2.4080
7.5428	0.0137	2.4080
7.5193	0.0241	2.4080
7.5329	0.0087	2.4080
7.5251	0.0188	2.4080
7.5220	0.0206	2.4080
7.5392	0.0179	2.4080
7.5347	0.0119	2.4080
7.5316	0.0366	2.4080
7.5265	0.0163	2.4080
7.5289	0.0192	2.4080
7.5276	0.0145	2.4080
7.5327	0.0156	2.4080
7.5215	0.0264	2.4080
7.5398	0.0202	2.4080
7.5254	0.0304	2.4080
7.5376	0.0176	2.4080
7.5432	0.0250	2.4080
7.5282	0.0113	2.4080
7.5402	0.0235	2.4080
7.5263	0.0218	2.4080
7.5303	0.0171	2.4080
7.5248	0.0256	2.4080
7.5391	0.0226	2.4080
7.5317	0.0200	2.4080
7.5322	0.0209	2.4080
7.5244	0.0227	2.4080
7.5233	0.0290	2.4080
7.5284	0.0213	2.4080
7.5323	0.0155	2.4080
7.5422	0.0155	2.4080
7.5212	0.0170	2.4080
7.5312	0.0190	2.4080
7.5454	0.0143	2.4080
7.5310	0.0202	2.4080
7.5335	0.0209	2.4080
7.5381	0.0256	2.4080
7.5327	0.0204	2.4080
7.5292	0.0181	2.4080
7.5303	0.0118	2.4080
7.5339	0.0202	2.4080
7.5424	0.0124	2.4080
7.5272	0.0089	2.4080
7.5374	0.0279	2.4080
7.5262	0.0071	2.4080
7.5432	0.0181	2.4080
7.5481	0.0127	2.4080
7.5278	0.0200	2.4080
7.5313	0.0194	2.4080
7.5318	0.0247	2.4080
7.5412	0.0213	2.4080
7.5290	0.0236	2.4080
7.5329	0.0169	2.4080
7.5340	0.0204	2.4080
7.5252	0.0254	2.4080
7.5284	0.0168	2.4080
7.5419	0.0170	2.4080
7.5223	0.0140	2.4080
7.5300	0.0180	2.4080
7.5274	0.0130	2.4080
7.5323	0.0117	2.4080
7.5298	0.0209	2.4080
7.5404	0.0207	2.4080
7.5243	0.0217	2.4080
7.5335	0.0281	2.4080
7.5309	0.0157	2.4080
7.5278	0.0183	2.4080
7.5383	0.0138	2.4080
7.5335	0.0149	2.4080
7.5402	0.0230	2.4080
7.5251	0.0138	2.4080
7.5190	0.0145	2.4080
7.5296	0.0234	2.4080
7.5328	0.0155	2.4080
7.5374	0.0229	2.4080
7.5177	0.0207	2.4080
7.5465	0.0210	2.4080
7.5282	0.0256	2.4080
7.5295	0.0227	2.4080
7.5242	0.0229	2.4080
7.5366	0.0229	2.4080
7.5240	0.0216	2.4080
7.5281	0.0205	2.4080
7.5284	0.0212	2.4080
7.5285	0.0281	2.4080
7.5306	0.0311	2.4080
7.5395	0.0151	2.4080
7.5359	0.0147	2.4080
7.5336	0.0239	2.4080
7.5291	0.0229	2.4080
7.5280	0.0213	2.4080
7.5288	0.0219	2.4080
7.5318	0.0169	2.4080
7.5345	0.0120	2.4080
7.5372	0.0182	2.4080
7.5306	0.0160	2.4080
7.5301	0.0203	2.4080
7.5331	0.0138	2.4080
7.5254	0.0183	2.4080
7.5263	0.0262	2.4080
7.5258	0.0272	2.4080
7.5375	0.0245	2.4080
7.5448	0.0193	2.4080
7.5353	0.0202	2.4080
7.5310	0.0175	2.4080
7.5296	0.0126	2.4080
7.5379	0.0221	2.4080
7.5306	0.0200	2.4080
7.5360	0.0143	2.4080
7.5364	0.0169	2.4080
7.5296	0.0132	2.4080
7.5278	0.0140	2.4080
7.5355	0.0166	2.4080
7.5299	0.0190	2.4080
7.5263	0.0174	2.4080
7.5452	0.0137	2.4080
7.5317	0.0148	2.4080
7.5396	0.0221	2.4080
7.5333	0.0219	2.4080
7.5417	0.0250	2.4080
7.5365	0.0220	2.4080
7.5395	0.0191	2.4080
7.5291	0.0118	2.4080
7.5394	0.0229	2.4080
7.5308	0.0227	2.4080
7.5386	0.0121	2.4080
7.5386	0.0271	2.4080
7.5344	0.0184	2.4080
7.5250	0.0175	2.4080
7.5373	0.0204	2.4080
7.5250	0.0277	2.4080
7.5483	0.0099	2.4080
7.5361	0.0174	2.4080
7.5406	0.0204	2.4080
7.5317	0.0189	2.4080
7.5385	0.0119	2.4080
7.5400	0.0152	2.4080
7.5252	0.0130	2.4080
7.5331	0.0188	2.4080
7.5274	0.0172	2.4080
7.5255	0.0221	2.4080
7.5387	0.0161	2.4080
7.5282	0.0173	2.4080
7.5438	0.0143	2.4080
7.5453	0.0187	2.4080
7.5320	0.0223	2.4080
7.5435	0.0154	2.4080
7.5449	0.0236	2.4080
7.5276	0.0264	2.4080
7.5390	0.0132	2.4080
7.5185	0.0225	2.4080
7.5481	0.0178	2.4080
7.5338	0.0186	2.4080
7.5279	0.0260	2.4080
7.5284	0.0161	2.4080
7.5294	0.0173	2.4080
7.5250	0.0229	2.4080
7.5268	0.0167	2.4080
7.5252	0.0117	2.4080
7.5326	0.0241	2.4080
7.5318	0.0174	2.4080
7.5365	0.0212	2.4080
7.5206	0.0225	2.4080
7.5396	0.0140	2.4080
7.5232	0.0164	2.4080
7.5259	0.0167	2.4080
7.5318	0.0165	2.4080
7.5227	0.0208	2.4080
7.5448	0.0167	2.4080
7.5248	0.0160	2.4080
7.5269	0.0167	2.4080
7.5290	0.0163	2.4080
7.5442	0.0144	2.4080
7.5340	0.0095	2.4080
7.5386	0.0185	2.4080
7.5255	0.0160	2.4080
7.5375	0.0231	2.4080
7.5386	0.0163	2.4080
7.5367	0.0170	2.4080
7.5349	0.0232	2.4080
7.5318	0.0158	2.4080
7.5404	0.0175	2.4080
7.5314	0.0212	2.4080
7.5423	0.0139	2.4080
7.5299	0.0208	2.4080
7.5343	0.0217	2.4080
7.5335	0.0224	2.4080
7.5471	0.0127	2.4080
7.5420	0.0169	2.4080
7.5386	0.0242	2.4080
7.5345	0.0120	2.4080
7.5279	0.0250	2.4080
7.5350	0.0270	2.4080
7.5369	0.0279	2.4080
7.5194	0.0337	2.4080
7.5366	0.0192	2.4080
7.5391	0.0186	2.4080
7.5305	0.0155	2.4080
7.5293	0.0176	2.4080
7.5279	0.0180	2.4080
7.5431	0.0126	2.4080
7.5236	0.0196	2.4080
7.5452	0.0166	2.4080
7.5314	0.0242	2.4080
7.5372	0.0146	2.4080
7.5362	0.0191	2.4080
7.5272	0.0207	2.4080
7.5353	0.0138	2.4080
7.5339	0.0251	2.4080
7.5359	0.0175	2.4080
7.5415	0.0204	2.4080
7.5256	0.0180	2.4080
7.5219	0.0258	2.4080
7.5256	0.0161	2.4080
7.5336	0.0227	2.4080
7.5281	0.0226	2.4080
7.5244	0.0191	2.4080
7.5254	0.0245	2.4080
7.5272	0.0182	2.4080
7.5300	0.0153	2.4080
7.5284	0.0207	2.4080
7.5344	0.0275	2.4080
7.5273	0.0251	2.4080
7.5220	0.0219	2.4080
7.5238	0.0232	2.4080
7.5182	0.0170	2.4080
7.5288	0.0215	2.4080
7.5408	0.0151	2.4080
7.5363	0.0155	2.4080
7.5263	0.0247	2.4080
7.5245	0.0128	2.4080
7.5358	0.0179	2.4080
7.5419	0.0198	2.4080
7.5297	0.0136	2.4080
7.5364	0.0230	2.4080
7.5349	0.0205	2.4080
7.5255	0.0191	2.4080
7.5356	0.0153	2.4080
7.5230	0.0175	2.4080
7.5296	0.0125	2.4080
7.5346	0.0166	2.4080
7.5292	0.0190	2.4080
7.5392	0.0273	2.4080
7.5314	0.0232	2.4080
7.5416	0.0182	2.4080
7.5346	0.0152	2.4080
7.5277	0.0235	2.4080
7.5497	0.0188	2.4080
7.5333	0.0148	2.4080
7.5371	0.0190	2.4080
7.5318	0.0206	2.4080
7.5385	0.0211	2.4080
7.5347	0.0161	2.4080
7.5430	0.0155	2.4080
7.5218	0.0218	2.4080
7.5420	0.0204	2.4080
7.5284	0.0176	2.4080
7.5279	0.0178	2.4080
7.5411	0.0161	2.4080
7.5416	0.0215	2.4080
7.5219	0.0230	2.4080
7.5211	0.0190	2.4080
7.5477	0.0174	2.4080
7.5258	0.0217	2.4080
7.5241	0.0174	2.4080
7.5319	0.0209	2.4080
7.5286	0.0147	2.4080
7.5261	0.0154	2.4080
7.5371	0.0236	2.4080
7.5304	0.0147	2.4080
7.5445	0.0197	2.4080
7.5471	0.0174	2.4080
7.5425	0.0170	2.4080
7.5320	0.0207	2.4080
7.5412	0.0209	2.4080
7.5455	0.0168	2.4080
7.5261	0.0221	2.4080
7.5298	0.0208	2.4080
7.5315	0.0162	2.4080
7.5228	0.0154	2.4080
7.5285	0.0218	2.4080
7.5294	0.0158	2.4080
7.5236	0.0122	2.4080
7.5347	0.0199	2.4080
7.5301	0.0129	2.4080
7.5368	0.0188	2.4080
7.5419	0.0192	2.4080
7.5238	0.0126	2.4080
7.5335	0.0136	2.4080
7.5362	0.0210	2.4080
7.5320	0.0245	2.4080
7.5434	0.0132	2.4080
7.5404	0.0134	2.4080
7.5334	0.0144	2.4080
7.5286	0.0154	2.4080
7.5316	0.0164	2.4080
7.5436	0.0211	2.4080
7.5327	0.0150	2.4080
7.5339	0.0241	2.4080
7.5277	0.0134	2.4080
7.5324	0.0217	2.4080
7.5239	0.0252	2.4080
7.5350	0.0181	2.4080
7.5231	0.0199	2.4080
7.5382	0.0192	2.4080
7.5336	0.0110	2.4080
7.5395	0.0112	2.4080
7.5290	0.0182	2.4080
7.5444	0.0163	2.4080
7.5227	0.0208	2.4080
7.5326	0.0175	2.4080
7.5335	0.0154	2.4080
7.5401	0.0200	2.4080
7.5267	0.0161	2.4080
7.5261	0.0193	2.4080
7.5294	0.0199	2.4080
7.5182	0.0180	2.4080
7.5370	0.0232	2.4080
7.5302	0.0156	2.4080
7.5355	0.0153	2.4080
7.5367	0.0197	2.4080
7.5237	0.0264	2.4080
7.5239	0.0243	2.4080
7.5281	0.0242	2.4080
7.5294	0.0190	2.4080
7.5320	0.0275	2.4080
7.5215	0.0125	2.4080
7.5354	0.0234	2.4080
7.5394	0.0175	2.4080
7.5239	0.0152	2.4080
7.5299	0.0142	2.4080
7.5225	0.0194	2.4080
7.5404	0.0177	2.4080
7.5264	0.0215	2.4080
7.5220	0.0148	2.4080
7.5191	0.0165	2.4080
7.5183	0.0184	2.4080
7.5168	0.0183	2.4080
7.5291	0.0248	2.4080
7.5253	0.0234	2.4080
7.5380	0.0206	2.4080
7.5316	0.0227	2.4080
7.5420	0.0194	2.4080
7.5274	0.0172	2.4080
7.5191	0.0187	2.4080
7.5245	0.0219	2.4080
7.5302	0.0159	2.4080
7.5301	0.0165	2.4080
7.5178	0.0222	2.4080
7.5271	0.0174	2.4080
7.5323	0.0154	2.4080
7.5324	0.0163	2.4080
7.5159	0.0260	2.4080
7.5277	0.0120	2.4080
7.5397	0.0258	2.4080
7.5350	0.0221	2.4080
7.5362	0.0150	2.4080
7.5272	0.0174	2.4080
7.5244	0.0192	2.4080
7.5411	0.0155	2.4080
7.5305	0.0204	2.4080
7.5235	0.0139	2.4080
7.5207	0.0184	2.4080
7.5343	0.0157	2.4080
7.5409	0.0141	2.4080
7.5475	0.0231	2.4080
7.5333	0.0232	2.4080
7.5373	0.0263	2.4080
7.5175	0.0202	2.4080
7.5424	0.0229	2.4080
7.5408	0.0174	2.4080
7.5331	0.0135	2.4080
7.5316	0.0189	2.4080
7.5365	0.0140	2.4080
7.5276	0.0233	2.4080
7.5352	0.0149	2.4080
7.5317	0.0212	2.4080
7.5405	0.0221	2.4080
7.5303	0.0201	2.4080
7.5275	0.0198	2.4080
7.5241	0.0210	2.4080
7.5345	0.0208	2.4080
7.5257	0.0215	2.4080
7.5299	0.0278	2.4080
7.5382	0.0133	2.4080
7.5238	0.0179	2.4080
7.5312	0.0217	2.4080
7.5338	0.0179	2.4080
7.5297	0.0291	2.4080
7.5395	0.0209	2.4080
7.5260	0.0166	2.4080
7.5367	0.0133	2.4080
7.5277	0.0139	2.4080
7.5198	0.0225	2.4080
7.5291	0.0172	2.4080
7.5349	0.0193	2.4080
7.5375	0.0127	2.4080
7.5239	0.0181	2.4080
7.5251	0.0234	2.4080
7.5134	0.0259	2.4080
7.5149	0.0230	2.4080
7.5202	0.0173	2.4080
7.5147	0.0130	2.4080
7.5347	0.0201	2.4080
7.5377	0.0196	2.4080
7.5322	0.0184	2.4080
7.5235	0.0127	2.4080
7.5292	0.0153	2.4080
7.5249	0.0186	2.4080
7.5159	0.0238	2.4080
7.5173	0.0147	2.4080
7.5194	0.0166	2.4080
7.5286	0.0215	2.4080
7.5226	0.0247	2.4080
7.5239	0.0113	2.4080
7.5253	0.0209	2.4080
7.5228	0.0325	2.4080
7.5273	0.0240	2.4080
7.5261	0.0099	2.4080
7.5424	0.0123	2.4080
7.5340	0.0235	2.4080
7.5100	0.0211	2.4080
7.5217	0.0186	2.4080
7.5331	0.0144	2.4080
7.5367	0.0288	2.4080
7.5366	0.0165	2.4080
7.5259	0.0192	2.4080
7.5291	0.0215	2.4080
7.5255	0.0257	2.4080
7.5309	0.0133	2.4080
7.5370	0.0156	2.4080
7.5214	0.0153	2.4080
7.5285	0.0180	2.4080
7.5367	0.0184	2.4080
7.5159	0.0178	2.4080
7.5285	0.0142	2.4080
7.5315	0.0111	2.4080
7.5390	0.0153	2.4080
7.5396	0.0231	2.4080
7.5298	0.0244	2.4080
7.5268	0.0234	2.4080
7.5269	0.0224	2.4080
7.5333	0.0318	2.4080
7.5249	0.0133	2.4080
7.5275	0.0215	2.4080
7.5159	0.0222	2.4080
7.5256	0.0108	2.4080
7.5378	0.0115	2.4080
7.5330	0.0148	2.4080
7.5238	0.0136	2.4080
7.5288	0.0138	2.4080
7.5250	0.0138	2.4080
7.5271	0.0175	2.4080
7.5340	0.0166	2.4080
7.5224	0.0161	2.4080
7.5156	0.0139	2.4080
7.5230	0.0304	2.4080
7.5319	0.0136	2.4080
7.5204	0.0174	2.4080
7.5249	0.0174	2.4080
7.5356	0.0116	2.4080
7.5314	0.0166	2.4080
7.5259	0.0157	2.4080
7.5172	0.0129	2.4080
7.5242	0.0167	2.4080
7.5252	0.0157	2.4080
7.5288	0.0121	2.4080
7.5251	0.0179	2.4080
7.5245	0.0175	2.4080
7.5339	0.0346	2.4080
7.5226	0.0205	2.4080
7.5394	0.0197	2.4080
7.5209	0.0189	2.4080
7.5452	0.0173	2.4080
7.5246	0.0161	2.4080
7.5269	0.0155	2.4080
7.5287	0.0262	2.4080
7.5217	0.0233	2.4080
7.5324	0.0158	2.4080
7.5345	0.0223	2.4080
7.5265	0.0198	2.4080
7.5151	0.0210	2.4080
7.5235	0.0141	2.4080
7.5316	0.0250	2.4080
7.5329	0.0183	2.4080
7.5371	0.0180	2.4080
7.5116	0.0203	2.4080
7.5306	0.0148	2.4080
7.5325	0.0123	2.4080
7.5193	0.0226	2.4080
7.5252	0.0227	2.4080
7.5180	0.0187	2.4080
7.5296	0.0249	2.4080
7.5200	0.0175	2.4080
7.5254	0.0179	2.4080
7.5366	0.0240	2.4080
7.5394	0.0215	2.4080
7.5315	0.0266	2.4080
7.5312	0.0140	2.4080
7.5338	0.0112	2.4080
7.5217	0.0161	2.4080
7.5305	0.0106	2.4080
7.5302	0.0131	2.4080
7.5281	0.0116	2.4080
7.5263	0.0180	2.4080
7.5211	0.0229	2.4080
7.5186	0.0200	2.4080
7.5213	0.0167	2.4080
7.5309	0.0107	2.4080
7.5361	0.0196	2.4080
7.5244	0.0177	2.4080
7.5227	0.0170	2.4080
7.5350	0.0151	2.4080
7.5204	0.0149	2.4080
7.5334	0.0241	2.4080
7.5335	0.0173	2.4080
7.5312	0.0107	2.4080
7.5244	0.0173	2.4080
7.5274	0.0209	2.4080
7.5234	0.0163	2.4080
7.5270	0.0293	2.4080
7.5257	0.0273	2.4080
7.5308	0.0156	2.4080
7.5361	0.0212	2.4080
7.5236	0.0249	2.4080
7.5281	0.0207	2.4080
7.5322	0.0225	2.4080
7.5183	0.0114	2.4080
7.5273	0.0282	2.4080
7.5272	0.0190	2.4080
7.5256	0.0243	2.4080
7.5405	0.0118	2.4080
7.5210	0.0242	2.4080
7.5194	0.0254	2.4080
7.5355	0.0173	2.4080
7.5227	0.0173	2.4080
7.5256	0.0157	2.4080
7.5327	0.0183	2.4080
7.5298	0.0351	2.4080
7.5320	0.0156	2.4080
7.5289	0.0209	2.4080
7.5194	0.0206	2.4080
7.5332	0.0112	2.4080
7.5192	0.0126	2.4080
7.5304	0.0230	2.4080
7.5209	0.0203	2.4080
7.5124	0.0258	2.4080
7.5290	0.0242	2.4080
7.5166	0.0300	2.4080
7.5316	0.0178	2.4080
7.5427	0.0104	2.4080
7.5337	0.0178	2.4080
7.5323	0.0207	2.4080
7.5224	0.0176	2.4080
7.5208	0.0192	2.4080
7.5248	0.0115	2.4080
7.5275	0.0187	2.4080
7.5318	0.0194	2.4080
7.5236	0.0216	2.4080
7.5364	0.0134	2.4080
7.5282	0.0210	2.4080
7.5313	0.0251	2.4080
7.5274	0.0160	2.4080
7.5248	0.0140	2.4080
7.5272	0.0102	2.4080
7.5189	0.0115	2.4080
7.5303	0.0248	2.4080
7.5380	0.0135	2.4080
7.5398	0.0204	2.4080
7.5267	0.0212	2.4080
7.5239	0.0098	2.4080
7.5235	0.0234	2.4080
7.5173	0.0155	2.4080
7.5259	0.0107	2.4080
7.5272	0.0188	2.4080
7.5439	0.0204	2.4080
7.5374	0.0122	2.4080
7.5179	0.0306	2.4080
7.5257	0.0207	2.4080
7.5247	0.0272	2.4080
7.5308	0.0210	2.4080
7.5292	0.0163	2.4080
7.5285	0.0128	2.4080
7.5365	0.0155	2.4080
7.5293	0.0116	2.4080
7.5270	0.0238	2.4080
7.5254	0.0181	2.4080
7.5349	0.0105	2.4080
7.5301	0.0312	2.4080
7.5433	0.0220	2.4080
7.5288	0.0169	2.4080
7.5222	0.0251	2.4080
7.5233	0.0192	2.4080
7.5369	0.0264	2.4080
7.5354	0.0223	2.4080
7.5267	0.0203	2.4080
7.5358	0.0265	2.4080
7.5317	0.0249	2.4080
7.5380	0.0193	2.4080
7.5304	0.0207	2.4080
7.5330	0.0157	2.4080
7.5243	0.0213	2.4080
7.5366	0.0200	2.4080
7.5271	0.0241	2.4080
7.5200	0.0139	2.4080
7.5274	0.0239	2.4080
7.5228	0.0286	2.4080
7.5314	0.0245	2.4080
7.5293	0.0177	2.4080
7.5354	0.0242	2.4080
7.5298	0.0221	2.4080
7.5319	0.0187	2.4080
7.5361	0.0172	2.4080
7.5273	0.0143	2.4080
7.5264	0.0207	2.4080
7.5401	0.0210	2.4080
7.5263	0.0200	2.4080
7.5449	0.0163	2.4080
7.5427	0.0245	2.4080
7.5298	0.0121	2.4080
7.5306	0.0271	2.4080
7.5172	0.0233	2.4080
7.5186	0.0227	2.4080
7.5212	0.0230	2.4080
7.5237	0.0250	2.4080
7.5282	0.0197	2.4080
7.5230	0.0232	2.4080
7.5390	0.0163	2.4080
7.5300	0.0189	2.4080
7.5209	0.0153	2.4080
7.5350	0.0208	2.4080
7.5345	0.0267	2.4080
7.5296	0.0224	2.4080
7.5317	0.0245	2.4080
7.5349	0.0100	2.4080
7.5361	0.0171	2.4080
7.5227	0.0181	2.4080
7.5240	0.0291	2.4080
7.5292	0.0167	2.4080
7.5250	0.0223	2.4080
7.5423	0.0299	2.4080
7.5210	0.0228	2.4080
7.5351	0.0210	2.4080
7.5305	0.0230	2.4080
7.5326	0.0170	2.4080
7.5414	0.0091	2.4080
7.5248	0.0178	2.4080
7.5337	0.0243	2.4080
7.5312	0.0230	2.4080
7.5273	0.0166	2.4080
7.5414	0.0222	2.4080
7.5324	0.0183	2.4080
7.5392	0.0143	2.4080
7.5178	0.0197	2.4080
7.5298	0.0167	2.4080
7.5266	0.0323	2.4080
7.5124	0.0150	2.4080
7.5213	0.0258	2.4080
7.5256	0.0184	2.4080
7.5337	0.0204	2.4080
7.5392	0.0262	2.4080
7.5198	0.0208	2.4080
7.5383	0.0235	2.4080
7.5231	0.0181	2.4080
7.5297	0.0175	2.4080
7.5282	0.0145	2.4080
7.5320	0.0146	2.4080
7.5306	0.0265	2.4080
7.5498	0.0175	2.4080
7.5310	0.0172	2.4080
7.5307	0.0274	2.4080
7.5334	0.0225	2.4080
7.5390	0.0187	2.4080
7.5278	0.0274	2.4080
7.5293	0.0214	2.4080
7.5246	0.0260	2.4080
7.5225	0.0186	2.4080
7.5199	0.0208	2.4080
7.5314	0.0140	2.4080
7.5297	0.0235	2.4080
7.5348	0.0273	2.4080
7.5367	0.0169	2.4080
7.5359	0.0140	2.4080
7.5361	0.0265	2.4080
7.5199	0.0232	2.4080
7.5229	0.0209	2.4080
7.5322	0.0219	2.4080
7.5231	0.0290	2.4080
7.5141	0.0185	2.4080
7.5253	0.0192	2.4080
7.5303	0.0183	2.4080
7.5297	0.0132	2.4080
7.5268	0.0190	2.4080
7.5359	0.0190	2.4080
7.5399	0.0361	2.4080
7.5307	0.0161	2.4080
7.5480	0.0171	2.4080
7.5240	0.0276	2.4080
7.5315	0.0186	2.4080
7.5251	0.0119	2.4080
7.5270	0.0198	2.4080
7.5300	0.0184	2.4080
7.5233	0.0196	2.4080
7.5298	0.0296	2.4080
7.5276	0.0179	2.4080
7.5294	0.0176	2.4080
7.5307	0.0229	2.4080
7.5216	0.0214	2.4080
7.5290	0.0171	2.4080
7.5257	0.0293	2.4080
7.5335	0.0201	2.4080
7.5412	0.0208	2.4080
7.5182	0.0127	2.4080
7.5275	0.0157	2.4080
7.5293	0.0268	2.4080
7.5257	0.0272	2.4080
7.5305	0.0213	2.4080
7.5398	0.0218	2.4080
7.5244	0.0217	2.4080
7.5261	0.0193	2.4080
7.5183	0.0225	2.4080
7.5268	0.0228	2.4080
7.5235	0.0172	2.4080
7.5290	0.0239	2.4080
7.5299	0.0134	2.4080
7.5276	0.0124	2.4080
7.5212	0.0144	2.4080
7.5302	0.0146	2.4080
7.5234	0.0154	2.4080
7.5306	0.0194	2.4080
7.5229	0.0178	2.4080
7.5280	0.0227	2.4080
7.5229	0.0292	2.4080
7.5288	0.0133	2.4080
7.5290	0.0215	2.4080
7.5269	0.0160	2.4080
7.5273	0.0170	2.4080
7.5161	0.0182	2.4080
7.5189	0.0291	2.4080
7.5185	0.0166	2.4080
7.5263	0.0176	2.4080
7.5242	0.0254	2.4080
7.5361	0.0161	2.4080
7.5265	0.0238	2.4080
7.5207	0.0204	2.4080
7.5203	0.0274	2.4080
7.5245	0.0232	2.4080
7.5241	0.0221	2.4080
7.5356	0.0302	2.4080
7.5215	0.0169	2.4080
7.5346	0.0232	2.4080
7.5337	0.0291	2.4080
7.5291	0.0228	2.4080
7.5312	0.0249	2.4080
7.5358	0.0192	2.4080
7.5159	0.0340	2.4080
7.5354	0.0217	2.4080
7.5294	0.0213	2.4080
7.5173	0.0215	2.4080
7.5283	0.0139	2.4080
7.5242	0.0252	2.4080
7.5248	0.0155	2.4080
7.5279	0.0252	2.4080
7.5263	0.0245	2.4080
7.5309	0.0217	2.4080
7.5178	0.0304	2.4080
7.5303	0.0203	2.4080
7.5283	0.0242	2.4080
7.5359	0.0202	2.4080
7.5289	0.0216	2.4080
7.5202	0.0185	2.4080
7.5206	0.0216	2.4080
7.5287	0.0220	2.4080
7.5370	0.0200	2.4080
7.5292	0.0134	2.4080
7.5228	0.0262	2.4080
7.5193	0.0259	2.4080
7.5262	0.0214	2.4080
7.5176	0.0285	2.4080
7.5218	0.0190	2.4080
7.5323	0.0135	2.4080
7.5376	0.0210	2.4080
7.5217	0.0158	2.4080
7.5288	0.0164	2.4080
7.5241	0.0176	2.4080
7.5359	0.0206	2.4080
7.5361	0.0188	2.4080
7.5271	0.0188	2.4080
7.5049	0.0275	2.4080
7.5380	0.0142	2.4080
7.5292	0.0180	2.4080
7.5261	0.0207	2.4080
7.5191	0.0170	2.4080
7.5258	0.0172	2.4080
7.5277	0.0132	2.4080
7.5288	0.0147	2.4080
7.5290	0.0198	2.4080
7.5246	0.0206	2.4080
7.5305	0.0138	2.4080
7.5287	0.0182	2.4080
7.5283	0.0301	2.4080
7.5242	0.0173	2.4080
7.5291	0.0163	2.4080
7.5364	0.0171	2.4080
7.5347	0.0202	2.4080
7.5304	0.0177	2.4080
7.5312	0.0258	2.4080
7.5247	0.0249	2.4080
7.5325	0.0338	2.4080
7.5417	0.0256	2.4080
7.5348	0.0282	2.4080
7.5318	0.0131	2.4080
7.5280	0.0230	2.4080
7.5353	0.0188	2.4080
7.5315	0.0280	2.4080
7.5321	0.0125	2.4080
7.5325	0.0210	2.4080
7.5414	0.0219	2.4080
7.5344	0.0123	2.4080
7.5205	0.0300	2.4080
7.5283	0.0222	2.4080
7.5071	0.0275	2.4080
7.5234	0.0165	2.4080
7.5261	0.0199	2.4080
7.5274	0.0219	2.4080
7.5347	0.0242	2.4080
7.5276	0.0147	2.4080
7.5313	0.0212	2.4080
7.5357	0.0147	2.4080
7.5420	0.0132	2.4080
7.5219	0.0253	2.4080
7.5344	0.0139	2.4080
7.5302	0.0196	2.4080
7.5242	0.0214	2.4080
7.5241	0.0128	2.4080
7.5317	0.0209	2.4080
7.5301	0.0341	2.4080
7.5266	0.0235	2.4080
7.5221	0.0195	2.4080
7.5207	0.0199	2.4080
7.5298	0.0132	2.4080
7.5307	0.0282	2.4080
7.5294	0.0274	2.4080
7.5330	0.0156	2.4080
7.5277	0.0192	2.4080
7.5311	0.0217	2.4080
7.5231	0.0207	2.4080
7.5359	0.0109	2.4080
7.5167	0.0251	2.4080
7.5306	0.0279	2.4080
7.5251	0.0253	2.4080
7.5249	0.0256	2.4080
7.5211	0.0219	2.4080
7.5375	0.0241	2.4080
7.5259	0.0162	2.4080
7.5477	0.0146	2.4080
7.5355	0.0196	2.4080
7.5192	0.0128	2.4080
7.5360	0.0168	2.4080
7.5273	0.0162	2.4080
7.5419	0.0271	2.4080
7.5363	0.0221	2.4080
7.5363	0.0245	2.4080
7.5321	0.0173	2.4080
7.5230	0.0196	2.4080
7.5358	0.0198	2.4080
7.5209	0.0190	2.4080
7.5380	0.0129	2.4080
7.5342	0.0190	2.4080
7.5347	0.0183	2.4080
7.5280	0.0175	2.4080
7.5413	0.0161	2.4080
7.5332	0.0222	2.4080
7.5338	0.0157	2.4080
7.5421	0.0250	2.4080
7.5226	0.0150	2.4080
7.5403	0.0179	2.4080
7.5281	0.0217	2.4080
7.5321	0.0183	2.4080
7.5346	0.0158	2.4080
7.5309	0.0239	2.4080
7.5385	0.0266	2.4080
7.5350	0.0228	2.4080
7.5318	0.0194	2.4080
7.5400	0.0183	2.4080
7.5337	0.0138	2.4080
7.5412	0.0313	2.4080
7.5299	0.0228	2.4080
7.5277	0.0168	2.4080
7.5358	0.0241	2.4080
7.5188	0.0277	2.4080
7.5297	0.0212	2.4080
7.5290	0.0339	2.4080
7.5340	0.0138	2.4080
7.5270	0.0188	2.4080
7.5359	0.0160	2.4080
7.5228	0.0181	2.4080
7.5183	0.0211	2.4080
7.5274	0.0167	2.4080
7.5418	0.0165	2.4080
7.5220	0.0121	2.4080
7.5208	0.0189	2.4080
7.5337	0.0234	2.4080
7.5119	0.0282	2.4080
7.5359	0.0107	2.4080
7.5285	0.0295	2.4080
7.5280	0.0197	2.4080
7.5469	0.0238	2.4080
7.5263	0.0232	2.4080
7.5272	0.0152	2.4080
7.5325	0.0271	2.4080
7.5386	0.0108	2.4080
7.5241	0.0227	2.4080
7.5192	0.0161	2.4080
7.5352	0.0294	2.4080
7.5234	0.0176	2.4080
7.5367	0.0155	2.4080
7.5184	0.0172	2.4080
7.5389	0.0135	2.4080
7.5371	0.0241	2.4080
7.5302	0.0149	2.4080
7.5247	0.0218	2.4080
7.5328	0.0218	2.4080
7.5366	0.0165	2.4080
7.5348	0.0121	2.4080
7.5298	0.0241	2.4080
7.5301	0.0177	2.4080
7.5267	0.0234	2.4080
7.5230	0.0246	2.4080
7.5316	0.0166	2.4080
7.5399	0.0177	2.4080
7.5410	0.0249	2.4080
7.5240	0.0210	2.4080
7.5448	0.0166	2.4080
7.5282	0.0173	2.4080
7.5304	0.0221	2.4080
7.5437	0.0267	2.4080
7.5349	0.0182	2.4080
7.5348	0.0301	2.4080
7.5284	0.0244	2.4080
7.5360	0.0153	2.4080
7.5350	0.0210	2.4080
7.5425	0.0130	2.4080
7.5337	0.0208	2.4080
7.5283	0.0255	2.4080
7.5413	0.0173	2.4080
7.5312	0.0233	2.4080
7.5229	0.0255	2.4080
7.5368	0.0210	2.4080
7.5368	0.0214	2.4080
7.5280	0.0214	2.4080
7.5299	0.0213	2.4080
7.5391	0.0153	2.4080
7.5488	0.0140	2.4080
7.5421	0.0232	2.4080
7.5391	0.0224	2.4080
7.5267	0.0178	2.4080
7.5386	0.0117	2.4080
7.5390	0.0184	2.4080
7.5398	0.0188	2.4080
7.5347	0.0128	2.4080
7.5301	0.0227	2.4080
7.5251	0.0251	2.4080
7.5277	0.0249	2.4080
7.5277	0.0258	2.4080
7.5341	0.0279	2.4080
7.5207	0.0237	2.4080
7.5399	0.0267	2.4080
7.5298	0.0228	2.4080
7.5402	0.0267	2.4080
7.5202	0.0158	2.4080
7.5369	0.0181	2.4080
7.5346	0.0241	2.4080
7.5336	0.0180	2.4080
7.5381	0.0206	2.4080
7.5295	0.0236	2.4080
7.5251	0.0242	2.4080
7.5318	0.0249	2.4080
7.5384	0.0149	2.4080
7.5349	0.0265	2.4080
7.5306	0.0230	2.4080
7.5250	0.0138	2.4080
7.5335	0.0408	2.4080
7.5351	0.0243	2.4080
7.5448	0.0210	2.4080
7.5325	0.0269	2.4080
7.5211	0.0164	2.4080
7.5380	0.0219	2.4080
7.5348	0.0221	2.4080
7.5318	0.0209	2.4080
7.5410	0.0289	2.4080
7.5262	0.0182	2.4080
7.5264	0.0213	2.4080
7.5364	0.0208	2.4080
7.5383	0.0200	2.4080
7.5295	0.0176	2.4080
7.5362	0.0149	2.4080
7.5359	0.0178	2.4080
7.5383	0.0150	2.4080
7.5244	0.0211	2.4080
7.5186	0.0225	2.4080
7.5260	0.0170	2.4080
7.5239	0.0220	2.4080
7.5354	0.0250	2.4080
7.5399	0.0208	2.4080
7.5326	0.0232	2.4080
7.5443	0.0241	2.4080
7.5331	0.0262	2.4080
7.5327	0.0132	2.4080
7.5421	0.0187	2.4080
7.5285	0.0188	2.4080
7.5390	0.0116	2.4080
7.5265	0.0217	2.4080
7.5391	0.0259	2.4080
7.5332	0.0229	2.4080
7.5379	0.0300	2.4080
7.5438	0.0176	2.4080
7.5426	0.0229	2.4080
7.5351	0.0182	2.4080
7.5341	0.0223	2.4080
7.5369	0.0320	2.4080
7.5240	0.0187	2.4080
7.5342	0.0153	2.4080
7.5430	0.0187	2.4080
7.5350	0.0233	2.4080
7.5427	0.0223	2.4080
7.5390	0.0177	2.4080
7.5424	0.0232	2.4080
7.5368	0.0110	2.4080
7.5377	0.0196	2.4080
7.5246	0.0171	2.4080
7.5461	0.0250	2.4080
7.5389	0.0214	2.4080
7.5358	0.0225	2.4080
7.5395	0.0271	2.4080
7.5338	0.0166	2.4080
7.5379	0.0298	2.4080
7.5244	0.0228	2.4080
7.5369	0.0243	2.4080
7.5320	0.0201	2.4080
7.5252	0.0188	2.4080
7.5343	0.0234	2.4080
7.5339	0.0213	2.4080
7.5396	0.0263	2.4080
7.5359	0.0204	2.4080
7.5319	0.0219	2.4080
7.5304	0.0130	2.4080
7.5199	0.0126	2.4080
7.5286	0.0311	2.4080
7.5432	0.0255	2.4080
7.5306	0.0289	2.4080
7.5257	0.0301	2.4080
7.5336	0.0180	2.4080
7.5375	0.0142	2.4080
7.5347	0.0189	2.4080
7.5464	0.0239	2.4080
7.5280	0.0141	2.4080
7.5382	0.0152	2.4080
7.5262	0.0178	2.4080
7.5320	0.0219	2.4080
7.5320	0.0220	2.4080
7.5262	0.0178	2.4080
7.5335	0.0222	2.4080
7.5187	0.0205	2.4080
7.5249	0.0208	2.4080
7.5360	0.0198	2.4080
7.5242	0.0255	2.4080
7.5292	0.0142	2.4080
7.5199	0.0201	2.4080
7.5325	0.0192	2.4080
7.5374	0.0152	2.4080
7.5257	0.0285	2.4080
7.5226	0.0234	2.4080
7.5287	0.0216	2.4080
7.5213	0.0208	2.4080
7.5323	0.0214	2.4080
7.5163	0.0207	2.4080
7.5165	0.0213	2.4080
7.5280	0.0191	2.4080
7.5350	0.0254	2.4080
7.5231	0.0156	2.4080
7.5281	0.0268	2.4080
7.5237	0.0206	2.4080
7.5257	0.0301	2.4080
7.5410	0.0188	2.4080
7.5295	0.0225	2.4080
7.5244	0.0345	2.4080
7.5388	0.0137	2.4080
7.5215	0.0190	2.4080
7.5522	0.0237	2.4080
7.5382	0.0196	2.4080
7.5330	0.0280	2.4080
7.5333	0.0233	2.4080
7.5327	0.0211	2.4080
7.5329	0.0211	2.4080
7.5259	0.0191	2.4080
7.5363	0.0224	2.4080
7.5298	0.0264	2.4080
7.5474	0.0120	2.4080
7.5324	0.0177	2.4080
7.5386	0.0152	2.4080
7.5293	0.0105	2.4080
7.5300	0.0143	2.4080
7.5364	0.0267	2.4080
7.5372	0.0193	2.4080
7.5200	0.0258	2.4080
7.5299	0.0248	2.4080
7.5316	0.0179	2.4080
7.5465	0.0142	2.4080
7.5428	0.0242	2.4080
7.5229	0.0169	2.4080
7.5303	0.0142	2.4080
7.5302	0.0221	2.4080
7.5340	0.0261	2.4080
7.5344	0.0278	2.4080
7.5320	0.0171	2.4080
7.5461	0.0259	2.4080
7.5365	0.0255	2.4080
7.5244	0.0215	2.4080
7.5282	0.0268	2.4080
7.5281	0.0131	2.4080
7.5455	0.0185	2.4080
7.5376	0.0179	2.4080
7.5292	0.0212	2.4080
7.5393	0.0128	2.4080
7.5374	0.0189	2.4080
7.5333	0.0199	2.4080
7.5358	0.0168	2.4080
7.5412	0.0195	2.4080
7.5276	0.0214	2.4080
7.5320	0.0216	2.4080
7.5346	0.0155	2.4080
7.5265	0.0204	2.4080
7.5307	0.0223	2.4080
7.5248	0.0202	2.4080
7.5413	0.0215	2.4080
7.5357	0.0196	2.4080
7.5281	0.0144	2.4080
7.5386	0.0266	2.4080
7.5276	0.0234	2.4080
7.5430	0.0190	2.4080
7.5314	0.0224	2.4080
7.5277	0.0343	2.4080
7.5303	0.0172	2.4080
7.5280	0.0311	2.4080
7.5264	0.0221	2.4080
7.5424	0.0211	2.4080
7.5335	0.0240	2.4080
7.5423	0.0144	2.4080
7.5223	0.0216	2.4080
7.5265	0.0209	2.4080
7.5465	0.0153	2.4080
7.5395	0.0192	2.4080
7.5267	0.0211	2.4080
7.5318	0.0295	2.4080
7.5439	0.0217	2.4080
7.5328	0.0263	2.4080
7.5249	0.0217	2.4080
7.5291	0.0220	2.4080
7.5345	0.0134	2.4080
7.5245	0.0216	2.4080
7.5349	0.0165	2.4080
7.5338	0.0269	2.4080
7.5383	0.0208	2.4080
7.5303	0.0268	2.4080
7.5199	0.0143	2.4080
7.5347	0.0224	2.4080
7.5359	0.0204	2.4080
7.5420	0.0148	2.4080
7.5231	0.0323	2.4080
7.5419	0.0229	2.4080
7.5468	0.0214	2.4080
7.5343	0.0187	2.4080
7.5258	0.0341	2.4080
7.5464	0.0352	2.4080
7.5319	0.0138	2.4080
7.5287	0.0237	2.4080
7.5270	0.0262	2.4080
7.5328	0.0170	2.4080
7.5264	0.0192	2.4080
7.5221	0.0184	2.4080
7.5435	0.0248	2.4080
7.5206	0.0128	2.4080
7.5351	0.0344	2.4080
7.5250	0.0211	2.4080
7.5277	0.0244	2.4080
7.5322	0.0245	2.4080
7.5333	0.0222	2.4080
7.5325	0.0238	2.4080
7.5314	0.0186	2.4080
7.5384	0.0246	2.4080
7.5226	0.0261	2.4080
7.5302	0.0173	2.4080
7.5441	0.0301	2.4080
7.5306	0.0243	2.4080
7.5277	0.0230	2.4080
7.5437	0.0268	2.4080
7.5282	0.0251	2.4080
7.5317	0.0354	2.4080
7.5340	0.0158	2.4080
7.5232	0.0250	2.4080
7.5379	0.0247	2.4080
7.5505	0.0202	2.4080
7.5507	0.0335	2.4080
7.5317	0.0234	2.4080
7.5427	0.0195	2.4080
7.5273	0.0165	2.4080
7.5367	0.0205	2.4080
7.5375	0.0355	2.4080
7.5357	0.0106	2.4080
7.5411	0.0257	2.4080
7.5374	0.0292	2.4080
7.5357	0.0147	2.4080
7.5383	0.0225	2.4080
7.5306	0.0209	2.4080
7.5311	0.0177	2.4080
7.5450	0.0186	2.4080
7.5320	0.0120	2.4080
7.5311	0.0335	2.4080
7.5313	0.0214	2.4080
7.5391	0.0170	2.4080
7.5242	0.0188	2.4080
7.5288	0.0209	2.4080
7.5382	0.0212	2.4080
7.5382	0.0211	2.4080
7.5177	0.0211	2.4080
7.5231	0.0220	2.4080
7.5390	0.0233	2.4080
7.5321	0.0277	2.4080
7.5352	0.0194	2.4080
7.5353	0.0252	2.4080
7.5192	0.0143	2.4080
7.5355	0.0148	2.4080
7.5472	0.0241	2.4080
7.5263	0.0141	2.4080
7.5360	0.0173	2.4080
7.5222	0.0235	2.4080
7.5277	0.0243	2.4080
7.5308	0.0217	2.4080
7.5182	0.0282	2.4080
7.5332	0.0204	2.4080
7.5263	0.0163	2.4080
7.5352	0.0234	2.4080
7.5409	0.0139	2.4080
7.5228	0.0306	2.4080
7.5305	0.0203	2.4080
7.5388	0.0128	2.4080
7.5399	0.0209	2.4080
7.5255	0.0337	2.4080
7.5363	0.0264	2.4080
7.5318	0.0252	2.4080
7.5286	0.0236	2.4080
7.5266	0.0231	2.4080
7.5315	0.0117	2.4080
7.5327	0.0176	2.4080
7.5387	0.0188	2.4080
7.5191	0.0184	2.4080
7.5407	0.0216	2.4080
7.5262	0.0192	2.4080
7.5246	0.0253	2.4080
7.5299	0.0231	2.4080
7.5346	0.0316	2.4080
7.5215	0.0145	2.4080
7.5296	0.0299	2.4080
7.5280	0.0235	2.4080
7.5287	0.0263	2.4080
7.5412	0.0216	2.4080
7.5344	0.0197	2.4080
7.5182	0.0203	2.4080
7.5356	0.0229	2.4080
7.5249	0.0259	2.4080
7.5443	0.0168	2.4080
7.5299	0.0270	2.4080
7.5409	0.0155	2.4080
7.5403	0.0252	2.4080
7.5253	0.0216	2.4080
7.5365	0.0205	2.4080
7.5314	0.0127	2.4080
7.5372	0.0243	2.4080
7.5418	0.0259	2.4080
7.5366	0.0262	2.4080
7.5285	0.0266	2.4080
7.5447	0.0159	2.4080
7.5370	0.0156	2.4080
7.5261	0.0227	2.4080
7.5412	0.0189	2.4080
7.5451	0.0256	2.4080
7.5409	0.0192	2.4080
7.5324	0.0267	2.4080
7.5264	0.0238	2.4080
7.5417	0.0354	2.4080
7.5215	0.0153	2.4080
7.5468	0.0214	2.4080
7.5340	0.0213	2.4080
7.5324	0.0264	2.4080
7.5285	0.0133	2.4080
7.5393	0.0229	2.4080
7.5468	0.0340	2.4080
7.5303	0.0221	2.4080
7.5374	0.0241	2.4080
7.5348	0.0177	2.4080
7.5235	0.0237	2.4080
7.5361	0.0207	2.4080
7.5333	0.0263	2.4080
7.5309	0.0147	2.4080
7.5361	0.0223	2.4080
7.5387	0.0214	2.4080
7.5448	0.0240	2.4080
7.5411	0.0181	2.4080
7.5315	0.0149	2.4080
7.5365	0.0229	2.4080
7.5333	0.0233	2.4080
7.5442	0.0365	2.4080
7.5431	0.0156	2.4080
7.5394	0.0277	2.4080
7.5400	0.0302	2.4080
7.5271	0.0246	2.4080
7.5305	0.0322	2.4080
7.5321	0.0209	2.4080
7.5383	0.0206	2.4080
7.5247	0.0230	2.4080
7.5322	0.0234	2.4080
7.5362	0.0224	2.4080
7.5305	0.0173	2.4080
7.5456	0.0259	2.4080
7.5354	0.0219	2.4080
7.5358	0.0190	2.4080
7.5435	0.0271	2.4080
7.5271	0.0240	2.4080
7.5370	0.0294	2.4080
7.5289	0.0276	2.4080
7.5265	0.0191	2.4080
7.5405	0.0151	2.4080
7.5231	0.0293	2.4080
7.5302	0.0206	2.4080
7.5261	0.0166	2.4080
7.5483	0.0280	2.4080
7.5397	0.0224	2.4080
7.5320	0.0319	2.4080
7.5302	0.0339	2.4080
7.5373	0.0265	2.4080
7.5318	0.0208	2.4080
7.5437	0.0233	2.4080
7.5256	0.0225	2.4080
7.5255	0.0224	2.4080
7.5364	0.0242	2.4080
7.5282	0.0142	2.4080
7.5395	0.0163	2.4080
7.5244	0.0178	2.4080
7.5421	0.0318	2.4080
7.5368	0.0218	2.4080
7.5409	0.0148	2.4080
7.5435	0.0203	2.4080
7.5381	0.0380	2.4080
7.5443	0.0256	2.4080
7.5267	0.0251	2.4080
7.5390	0.0293	2.4080
7.5367	0.0222	2.4080
7.5403	0.0189	2.4080
7.5509	0.0217	2.4080
7.5248	0.0264	2.4080
7.5331	0.0172	2.4080
7.5260	0.0215	2.4080
7.5354	0.0210	2.4080
7.5391	0.0214	2.4080
7.5192	0.0215	2.4080
7.5262	0.0265	2.4080
7.5391	0.0169	2.4080
7.5596	0.0164	2.4080
7.5215	0.0247	2.4080
7.5503	0.0207	2.4080
7.5327	0.0185	2.4080
7.5484	0.0175	2.4080
7.5376	0.0158	2.4080
7.5332	0.0209	2.4080
7.5465	0.0124	2.4080
7.5284	0.0217	2.4080
7.5408	0.0345	2.4080
7.5520	0.0258	2.4080
7.5429	0.0262	2.4080
7.5332	0.0369	2.4080
7.5317	0.0290	2.4080
7.5402	0.0286	2.4080
7.5338	0.0215	2.4080
7.5447	0.0126	2.4080
7.5506	0.0130	2.4080
7.5393	0.0188	2.4080
7.5304	0.0173	2.4080
7.5460	0.0202	2.4080
7.5175	0.0172	2.4080
7.5348	0.0304	2.4080
7.5290	0.0263	2.4080
7.5352	0.0223	2.4080
7.5297	0.0176	2.4080
7.5543	0.0159	2.4080
7.5451	0.0200	2.4080
7.5539	0.0282	2.4080
7.5271	0.0260	2.4080
7.5348	0.0215	2.4080
7.5302	0.0255	2.4080
7.5277	0.0256	2.4080
7.5462	0.0258	2.4080
7.5312	0.0316	2.4080
7.5451	0.0261	2.4080
7.5415	0.0241	2.4080
7.5320	0.0291	2.4080
7.5388	0.0233	2.4080
7.5376	0.0215	2.4080
7.5287	0.0176	2.4080
7.5425	0.0156	2.4080
7.5412	0.0240	2.4080
7.5421	0.0186	2.4080
7.5311	0.0209	2.4080
7.5376	0.0180	2.4080
7.5365	0.0234	2.4080
7.5350	0.0280	2.4080
7.5402	0.0245	2.4080
7.5289	0.0208	2.4080
7.5315	0.0269	2.4080
7.5401	0.0219	2.4080
7.5347	0.0221	2.4080
7.5409	0.0356	2.4080
7.5452	0.0138	2.4080
7.5393	0.0186	2.4080
7.5305	0.0269	2.4080
7.5298	0.0148	2.4080
7.5148	0.0294	2.4080
7.5479	0.0199	2.4080
7.5337	0.0187	2.4080
7.5455	0.0246	2.4080
7.5409	0.0201	2.4080
7.5428	0.0275	2.4080
7.5379	0.0252	2.4080
7.5453	0.0210	2.4080
7.5256	0.0224	2.4080
7.5288	0.0276	2.4080
7.5392	0.0304	2.4080
7.5370	0.0134	2.4080
7.5280	0.0237	2.4080
7.5236	0.0210	2.4080
7.5365	0.0232	2.4080
7.5397	0.0245	2.4080
7.5270	0.0256	2.4080
7.5426	0.0230	2.4080
7.5126	0.0240	2.4080
7.5428	0.0242	2.4080
7.5263	0.0193	2.4080
7.5144	0.0266	2.4080
7.5453	0.0222	2.4080
7.5297	0.0262	2.4080
7.5387	0.0208	2.4080
7.5267	0.0335	2.4080
7.5388	0.0306	2.4080
7.5307	0.0309	2.4080
7.5504	0.0158	2.4080
7.5325	0.0307	2.4080
7.5272	0.0193	2.4080
7.5268	0.0313	2.4080
7.5359	0.0167	2.4080
7.5348	0.0271	2.4080
7.5441	0.0157	2.4080
7.5353	0.0281	2.4080
7.5207	0.0252	2.4080
7.5399	0.0198	2.4080
7.5285	0.0231	2.4080
7.5439	0.0260	2.4080
7.5329	0.0198	2.4080
7.5255	0.0246	2.4080
7.5342	0.0224	2.4080
7.5341	0.0225	2.4080
7.5427	0.0285	2.4080
7.5438	0.0144	2.4080
7.5200	0.0275	2.4080
7.5259	0.0270	2.4080
7.5360	0.0335	2.4080
7.5306	0.0237	2.4080
7.5338	0.0113	2.4080
7.5414	0.0222	2.4080
7.5318	0.0228	2.4080
7.5292	0.0198	2.4080
7.5394	0.0250	2.4080
7.5414	0.0170	2.4080
7.5380	0.0174	2.4080
7.5278	0.0214	2.4080
7.5378	0.0171	2.4080
7.5436	0.0227	2.4080
7.5271	0.0199	2.4080
7.5409	0.0328	2.4080
7.5334	0.0195	2.4080
7.5261	0.0321	2.4080
7.5224	0.0239	2.4080
7.5309	0.0229	2.4080
7.5326	0.0338	2.4080
7.5333	0.0234	2.4080
7.5406	0.0305	2.4080
7.5361	0.0219	2.4080
7.5432	0.0206	2.4080
7.5447	0.0231	2.4080
7.5452	0.0172	2.4080
7.5374	0.0186	2.4080
7.5429	0.0237	2.4080
7.5232	0.0255	2.4080
7.5309	0.0269	2.4080
7.5370	0.0282	2.4080
7.5366	0.0137	2.4080
7.5375	0.0287	2.4080
7.5252	0.0228	2.4080
7.5286	0.0203	2.4080
7.5437	0.0265	2.4080
7.5300	0.0246	2.4080
7.5409	0.0267	2.4080
7.5227	0.0165	2.4080
7.5345	0.0238	2.4080
7.5376	0.0211	2.4080
7.5388	0.0232	2.4080
7.5291	0.0340	2.4080
7.5457	0.0108	2.4080
7.5379	0.0216	2.4080
7.5284	0.0251	2.4080
7.5402	0.0246	2.4080
7.5292	0.0202	2.4080
7.5381	0.0217	2.4080
7.5411	0.0255	2.4080
7.5396	0.0212	2.4080
7.5408	0.0261	2.4080
7.5336	0.0246	2.4080
7.5487	0.0234	2.4080
7.5307	0.0305	2.4080
7.5349	0.0246	2.4080
7.5295	0.0333	2.4080
7.5292	0.0186	2.4080
7.5250	0.0223	2.4080
7.5270	0.0277	2.4080
7.5285	0.0193	2.4080
7.5424	0.0272	2.4080
7.5356	0.0126	2.4080
7.5499	0.0301	2.4080
7.5345	0.0191	2.4080
7.5383	0.0171	2.4080
7.5276	0.0174	2.4080
7.5241	0.0220	2.4080
7.5406	0.0308	2.4080
7.5437	0.0299	2.4080
7.5446	0.0185	2.4080
7.5352	0.0216	2.4080
7.5245	0.0230	2.4080
7.5257	0.0227	2.4080
7.5346	0.0163	2.4080
7.5483	0.0192	2.4080
7.5276	0.0214	2.4080
7.5535	0.0291	2.4080
7.5240	0.0169	2.4080
7.5244	0.0169	2.4080
7.5356	0.0172	2.4080
7.5232	0.0233	2.4080
7.5404	0.0198	2.4080
7.5357	0.0159	2.4080
7.5346	0.0268	2.4080
7.5338	0.0313	2.4080
7.5326	0.0305	2.4080
7.5480	0.0138	2.4080
7.5298	0.0115	2.4080
7.5245	0.0225	2.4080
7.5282	0.0225	2.4080
7.5306	0.0223	2.4080
7.5240	0.0305	2.4080
7.5326	0.0183	2.4080
7.5427	0.0293	2.4080
7.5242	0.0261	2.4080
7.5444	0.0219	2.4080
7.5340	0.0146	2.4080
7.5457	0.0213	2.4080
7.5415	0.0256	2.4080
7.5477	0.0255	2.4080
7.5377	0.0325	2.4080
7.5166	0.0350	2.4080
7.5290	0.0208	2.4080
7.5347	0.0290	2.4080
7.5336	0.0237	2.4080
7.5418	0.0212	2.4080
7.5356	0.0207	2.4080
7.5454	0.0120	2.4080
7.5416	0.0266	2.4080
7.5327	0.0219	2.4080
7.5351	0.0239	2.4080
7.5201	0.0191	2.4080
7.5390	0.0292	2.4080
7.5329	0.0159	2.4080
7.5332	0.0141	2.4080
7.5375	0.0243	2.4080
7.5295	0.0243	2.4080
7.5435	0.0173	2.4080
7.5192	0.0230	2.4080
7.5270	0.0159	2.4080
7.5329	0.0323	2.4080
7.5275	0.0193	2.4080
7.5177	0.0187	2.4080
7.5359	0.0250	2.4080
7.5554	0.0218	2.4080
7.5417	0.0248	2.4080
7.5394	0.0131	2.4080
7.5357	0.0242	2.4080
7.5372	0.0303	2.4080
7.5344	0.0300	2.4080
7.5221	0.0250	2.4080
7.5188	0.0204	2.4080
7.5280	0.0270	2.4080
7.5240	0.0189	2.4080
7.5240	0.0247	2.4080
7.5414	0.0247	2.4080
7.5224	0.0274	2.4080
7.5320	0.0161	2.4080
7.5286	0.0250	2.4080
7.5263	0.0279	2.4080
7.5265	0.0244	2.4080
7.5488	0.0228	2.4080
7.5338	0.0245	2.4080
7.5241	0.0191	2.4080
7.5287	0.0196	2.4080
7.5385	0.0264	2.4080
7.5428	0.0221	2.4080
7.5257	0.0183	2.4080
7.5463	0.0254	2.4080
7.5286	0.0233	2.4080
7.5161	0.0300	2.4080
7.5387	0.0250	2.4080
7.5293	0.0193	2.4080
7.5440	0.0198	2.4080
7.5363	0.0278	2.4080
7.5292	0.0195	2.4080
7.5418	0.0255	2.4080
7.5372	0.0154	2.4080
7.5335	0.0288	2.4080
7.5309	0.0266	2.4080
7.5282	0.0224	2.4080
7.5446	0.0175	2.4080
7.5335	0.0186	2.4080
7.5448	0.0158	2.4080
7.5390	0.0216	2.4080
7.5321	0.0290	2.4080
7.5282	0.0193	2.4080
7.5188	0.0359	2.4080
7.5344	0.0236	2.4080
7.5250	0.0175	2.4080
7.5301	0.0336	2.4080
7.5354	0.0289	2.4080
7.5234	0.0193	2.4080
7.5411	0.0305	2.4080
7.5338	0.0246	2.4080
7.5221	0.0264	2.4080
7.5459	0.0164	2.4080
7.5228	0.0227	2.4080
7.5352	0.0242	2.4080
7.5274	0.0318	2.4080
7.5249	0.0176	2.4080
7.5327	0.0265	2.4080
7.5421	0.0243	2.4080
7.5199	0.0309	2.4080
7.5464	0.0302	2.4080
7.5324	0.0208	2.4080
7.5217	0.0230	2.4080
7.5264	0.0217	2.4080
7.5373	0.0327	2.4080
7.5400	0.0227	2.4080
7.5335	0.0267	2.4080
7.5259	0.0303	2.4080
7.5283	0.0174	2.4080
7.5289	0.0251	2.4080
7.5347	0.0142	2.4080
7.5297	0.0246	2.4080
7.5459	0.0223	2.4080
7.5406	0.0224	2.4080
7.5449	0.0193	2.4080
7.5087	0.0228	2.4080
7.5393	0.0176	2.4080
7.5324	0.0260	2.4080
7.5320	0.0229	2.4080
7.5268	0.0265	2.4080
7.5349	0.0238	2.4080
7.5311	0.0174	2.4080
7.5283	0.0192	2.4080
7.5292	0.0366	2.4080
7.5345	0.0265	2.4080
7.5331	0.0159	2.4080
7.5251	0.0185	2.4080
7.5254	0.0214	2.4080
7.5501	0.0130	2.4080
7.5391	0.0152	2.4080
7.5329	0.0197	2.4080
7.5372	0.0296	2.4080
7.5332	0.0308	2.4080
7.5398	0.0147	2.4080
7.5298	0.0271	2.4080
7.5442	0.0241	2.4080
7.5248	0.0221	2.4080
7.5390	0.0102	2.4080
7.5422	0.0196	2.4080
7.5289	0.0264	2.4080
7.5373	0.0188	2.4080
7.5287	0.0248	2.4080
7.5432	0.0179	2.4080
7.5235	0.0169	2.4080
7.5363	0.0240	2.4080
7.5410	0.0182	2.4080
7.5412	0.0358	2.4080
7.5359	0.0165	2.4080
7.5303	0.0301	2.4080
7.5135	0.0154	2.4080
7.5349	0.0179	2.4080
7.5380	0.0206	2.4080
7.5425	0.0141	2.4080
7.5482	0.0091	2.4080
7.5397	0.0179	2.4080
7.5383	0.0235	2.4080
7.5256	0.0223	2.4080
7.5414	0.0295	2.4080
7.5251	0.0239	2.4080
7.5323	0.0242	2.4080
7.5365	0.0116	2.4080
7.5234	0.0243	2.4080
7.5447	0.0211	2.4080
7.5312	0.0194	2.4080
7.5444	0.0181	2.4080
7.5409	0.0211	2.4080
7.5343	0.0290	2.4080
7.5225	0.0299	2.4080
7.5401	0.0172	2.4080
7.5315	0.0203	2.4080
7.5314	0.0205	2.4080
7.5294	0.0269	2.4080
7.5345	0.0181	2.4080
7.5193	0.0260	2.4080
7.5301	0.0170	2.4080
7.5385	0.0163	2.4080
7.5416	0.0262	2.4080
7.5339	0.0200	2.4080
7.5375	0.0145	2.4080
7.5302	0.0217	2.4080
7.5310	0.0254	2.4080
7.5401	0.0135	2.4080
7.5342	0.0237	2.4080
7.5300	0.0215	2.4080
7.5339	0.0236	2.4080
7.5382	0.0134	2.4080
7.5332	0.0315	2.4080
7.5366	0.0220	2.4080
7.5395	0.0239	2.4080
7.5317	0.0231	2.4080
7.5227	0.0105	2.4080
7.5455	0.0170	2.4080
7.5261	0.0267	2.4080
7.5421	0.0177	2.4080
7.5205	0.0225	2.4080
7.5261	0.0188	2.4080
7.5383	0.0176	2.4080
7.5228	0.0210	2.4080
7.5215	0.0245	2.4080
7.5228	0.0270	2.4080
7.5284	0.0206	2.4080
7.5471	0.0183	2.4080
7.5268	0.0219	2.4080
7.5313	0.0260	2.4080
7.5265	0.0224	2.4080
7.5324	0.0207	2.4080
7.5344	0.0232	2.4080
7.5441	0.0232	2.4080
7.5348	0.0225	2.4080
7.5470	0.0154	2.4080
7.5324	0.0232	2.4080
7.5380	0.0197	2.4080
7.5405	0.0215	2.4080
7.5408	0.0220	2.4080
7.5165	0.0276	2.4080
7.5291	0.0205	2.4080
7.5377	0.0194	2.4080
7.5392	0.0272	2.4080
7.5296	0.0375	2.4080
7.5216	0.0251	2.4080
7.5431	0.0154	2.4080
7.5374	0.0352	2.4080
7.5388	0.0237	2.4080
7.5359	0.0273	2.4080
7.5275	0.0211	2.4080
7.5294	0.0247	2.4080
7.5287	0.0267	2.4080
7.5298	0.0171	2.4080
7.5321	0.0288	2.4080
7.5327	0.0116	2.4080
7.5362	0.0251	2.4080
7.5396	0.0120	2.4080
7.5411	0.0139	2.4080
7.5132	0.0223	2.4080
7.5321	0.0251	2.4080
7.5296	0.0262	2.4080
7.5348	0.0159	2.4080
7.5259	0.0189	2.4080
7.5281	0.0209	2.4080
7.5415	0.0225	2.4080
7.5458	0.0258	2.4080
7.5413	0.0305	2.4080
7.5162	0.0228	2.4080
7.5268	0.0155	2.4080
7.5334	0.0198	2.4080
7.5196	0.0287	2.4080
7.5444	0.0154	2.4080
7.5355	0.0277	2.4080
7.5296	0.0214	2.4080
7.5282	0.0297	2.4080
7.5372	0.0158	2.4080
7.5226	0.0147	2.4080
7.5331	0.0307	2.4080
7.5392	0.0155	2.4080
7.5404	0.0257	2.4080
7.5280	0.0200	2.4080
7.5241	0.0217	2.4080
7.5426	0.0120	2.4080
7.5276	0.0222	2.4080
7.5203	0.0149	2.4080
7.5226	0.0306	2.4080
7.5413	0.0253	2.4080
7.5345	0.0240	2.4080
7.5251	0.0265	2.4080
7.5393	0.0229	2.4080
7.5338	0.0164	2.4080
7.5283	0.0157	2.4080
7.5345	0.0164	2.4080
7.5241	0.0292	2.4080
7.5309	0.0198	2.4080
7.5362	0.0179	2.4080
7.5387	0.0152	2.4080
7.5348	0.0294	2.4080
7.5269	0.0147	2.4080
7.5304	0.0310	2.4080
7.5458	0.0231	2.4080
7.5258	0.0237	2.4080
7.5370	0.0247	2.4080
7.5483	0.0120	2.4080
7.5465	0.0214	2.4080
7.5335	0.0175	2.4080
7.5261	0.0232	2.4080
7.5265	0.0248	2.4080
7.5250	0.0313	2.4080
7.5195	0.0208	2.4080
7.5383	0.0178	2.4080
7.5155	0.0233	2.4080
7.5282	0.0191	2.4080
7.5355	0.0169	2.4080
7.5404	0.0294	2.4080
7.5247	0.0305	2.4080
7.5282	0.0263	2.4080
7.5310	0.0206	2.4080
7.5292	0.0227	2.4080
7.5247	0.0245	2.4080
7.5232	0.0339	2.4080
7.5417	0.0102	2.4080
7.5425	0.0286	2.4080
7.5307	0.0316	2.4080
7.5382	0.0114	2.4080
7.5297	0.0246	2.4080
7.5361	0.0206	2.4080
7.5248	0.0273	2.4080
7.5393	0.0205	2.4080
7.5369	0.0259	2.4080
7.5364	0.0276	2.4080
7.5332	0.0250	2.4080
7.5426	0.0225	2.4080
7.5259	0.0230	2.4080
7.5295	0.0233	2.4080
7.5280	0.0185	2.4080
7.5234	0.0198	2.4080
7.5211	0.0208	2.4080
7.5363	0.0178	2.4080
7.5234	0.0167	2.4080
7.5137	0.0175	2.4080
7.5344	0.0249	2.4080
7.5327	0.0231	2.4080
7.5334	0.0221	2.4080
7.5319	0.0218	2.4080
7.5302	0.0280	2.4080
7.5336	0.0262	2.4080
7.5384	0.0252	2.4080
7.5214	0.0365	2.4080
7.5294	0.0213	2.4080
7.5379	0.0277	2.4080
7.5318	0.0213	2.4080
7.5307	0.0214	2.4080
7.5258	0.0231	2.4080
7.5227	0.0264	2.4080
7.5253	0.0238	2.4080
7.5247	0.0232	2.4080
7.5365	0.0288	2.4080
7.5311	0.0315	2.4080
7.5407	0.0284	2.4080
7.5212	0.0326	2.4080
7.5283	0.0219	2.4080
7.5429	0.0185	2.4080
7.5298	0.0186	2.4080
7.5241	0.0137	2.4080
7.5460	0.0217	2.4080
7.5388	0.0124	2.4080
7.5169	0.0211	2.4080
7.5432	0.0187	2.4080
7.5212	0.0305	2.4080
7.5443	0.0269	2.4080
7.5253	0.0226	2.4080
7.5234	0.0202	2.4080
7.5289	0.0210	2.4080
7.5180	0.0253	2.4080
7.5363	0.0219	2.4080
7.5323	0.0209	2.4080
7.5185	0.0266	2.4080
7.5302	0.0260	2.4080
7.5279	0.0158	2.4080
7.5359	0.0168	2.4080
7.5269	0.0168	2.4080
7.5191	0.0250	2.4080
7.5270	0.0259	2.4080
7.5248	0.0184	2.4080
7.5261	0.0327	2.4080
7.5277	0.0199	2.4080
7.5287	0.0249	2.4080
7.5331	0.0198	2.4080
7.5322	0.0167	2.4080
7.5309	0.0290	2.4080
7.5269	0.0196	2.4080
7.5183	0.0282	2.4080
7.5263	0.0176	2.4080
7.5281	0.0158	2.4080
7.5421	0.0203	2.4080
7.5422	0.0252	2.4080
7.5233	0.0197	2.4080
7.5349	0.0186	2.4080
7.5501	0.0193	2.4080
7.5249	0.0275	2.4080
7.5254	0.0155	2.4080
7.5253	0.0299	2.4080
7.5302	0.0245	2.4080
7.5253	0.0242	2.4080
7.5250	0.0201	2.4080
7.5194	0.0162	2.4080
7.5317	0.0168	2.4080
7.5367	0.0175	2.4080
7.5372	0.0228	2.4080
7.5340	0.0265	2.4080
7.5222	0.0188	2.4080
7.5354	0.0266	2.4080
7.5290	0.0162	2.4080
7.5266	0.0267	2.4080
7.5257	0.0232	2.4080
7.5224	0.0243	2.4080
7.5372	0.0128	2.4080
7.5342	0.0219	2.4080
7.5292	0.0298	2.4080
7.5315	0.0188	2.4080
7.5189	0.0224	2.4080
7.5253	0.0157	2.4080
7.5226	0.0188	2.4080
7.5335	0.0250	2.4080
7.5286	0.0225	2.4080
7.5185	0.0337	2.4080
7.5287	0.0222	2.4080
7.5445	0.0253	2.4080
7.5421	0.0115	2.4080
7.5430	0.0165	2.4080
7.5335	0.0313	2.4080
7.5373	0.0151	2.4080
7.5132	0.0277	2.4080
7.5280	0.0166	2.4080
7.5220	0.0120	2.4080
7.5451	0.0223	2.4080
7.5119	0.0204	2.4080
7.5286	0.0192	2.4080
7.5287	0.0203	2.4080
7.5269	0.0251	2.4080
7.5284	0.0261	2.4080
7.5248	0.0149	2.4080
7.5350	0.0256	2.4080
7.5269	0.0271	2.4080
7.5351	0.0215	2.4080
7.5258	0.0246	2.4080
7.5174	0.0166	2.4080
7.5436	0.0220	2.4080
7.5414	0.0211	2.4080
7.5391	0.0239	2.4080
7.5089	0.0282	2.4080
7.5333	0.0164	2.4080
7.5280	0.0240	2.4080
7.5220	0.0212	2.4080
7.5359	0.0319	2.4080
7.5323	0.0196	2.4080
7.5226	0.0219	2.4080
7.5280	0.0275	2.4080
7.5258	0.0254	2.4080
7.5287	0.0267	2.4080
7.5189	0.0236	2.4080
7.5344	0.0193	2.4080
7.5383	0.0252	2.4080
7.5198	0.0226	2.4080
7.5261	0.0222	2.4080
7.5340	0.0182	2.4080
7.5336	0.0286	2.4080
7.5323	0.0336	2.4080
7.5199	0.0221	2.4080
7.5448	0.0207	2.4080
7.5236	0.0229	2.4080
7.5344	0.0266	2.4080
7.5180	0.0192	2.4080
7.5314	0.0176	2.4080
7.5435	0.0128	2.4080
7.5272	0.0224	2.4080
7.5319	0.0222	2.4080
7.5274	0.0177	2.4080
7.5223	0.0221	2.4080
7.5229	0.0346	2.4080
7.5210	0.0283	2.4080
7.5255	0.0253	2.4080
7.5384	0.0237	2.4080
7.5246	0.0192	2.4080
7.5166	0.0303	2.4080
7.5290	0.0252	2.4080
7.5255	0.0269	2.4080
7.5245	0.0211	2.4080
7.5161	0.0236	2.4080
7.5344	0.0248	2.4080
7.5325	0.0149	2.4080
7.5264	0.0270	2.4080
7.5322	0.0190	2.4080
7.5101	0.0333	2.4080
7.5326	0.0174	2.4080
7.5270	0.0179	2.4080
7.5210	0.0203	2.4080
7.5251	0.0130	2.4080
7.5308	0.0348	2.4080
7.5287	0.0244	2.4080
7.5134	0.0176	2.4080
7.5325	0.0275	2.4080
7.5249	0.0241	2.4080
7.5289	0.0243	2.4080
7.5159	0.0239	2.4080
7.5161	0.0378	2.4080
7.5283	0.0261	2.4080
7.5384	0.0270	2.4080
7.5302	0.0209	2.4080
7.5299	0.0172	2.4080
7.5179	0.0175	2.4080
7.5385	0.0251	2.4080
7.5320	0.0206	2.4080
7.5186	0.0209	2.4080
7.5357	0.0186	2.4080
7.5312	0.0206	2.4080
7.5223	0.0241	2.4080
7.5210	0.0202	2.4080
7.5334	0.0206	2.4080
7.5307	0.0180	2.4080
7.5270	0.0331	2.4080
7.5241	0.0246	2.4080
7.5258	0.0307	2.4080
7.5265	0.0210	2.4080
7.5371	0.0185	2.4080
7.5250	0.0229	2.4080
7.5375	0.0213	2.4080
7.5285	0.0212	2.4080
7.5227	0.0251	2.4080
7.5330	0.0242	2.4080
7.5219	0.0198	2.4080
7.5197	0.0180	2.4080
7.5180	0.0313	2.4080
7.5210	0.0210	2.4080
7.5433	0.0363	2.4080
7.5324	0.0257	2.4080
7.5340	0.0276	2.4080
7.5293	0.0262	2.4080
7.5209	0.0185	2.4080
7.5288	0.0246	2.4080
7.5297	0.0192	2.4080
7.5239	0.0224	2.4080
7.5379	0.0198	2.4080
7.5312	0.0174	2.4080
7.5089	0.0163	2.4080
7.5294	0.0199	2.4080
7.5245	0.0306	2.4080
7.5397	0.0229	2.4080
7.5267	0.0292	2.4080
7.5259	0.0212	2.4080
7.5265	0.0242	2.4080
7.5419	0.0222	2.4080
7.5405	0.0200	2.4080
7.5285	0.0295	2.4080
7.5220	0.0293	2.4080
7.5385	0.0225	2.4080
7.5277	0.0247	2.4080
7.5403	0.0193	2.4080
7.5227	0.0225	2.4080
7.5429	0.0221	2.4080
7.5319	0.0270	2.4080
7.5247	0.0280	2.4080
7.5283	0.0295	2.4080
7.5211	0.0345	2.4080
7.5269	0.0212	2.4080
7.5310	0.0202	2.4080
7.5173	0.0306	2.4080
7.5472	0.0155	2.4080
7.5336	0.0180	2.4080
7.5219	0.0285	2.4080
7.5256	0.0248	2.4080
7.5337	0.0166	2.4080
7.5327	0.0198	2.4080
7.5225	0.0196	2.4080
7.5285	0.0264	2.4080
7.5333	0.0178	2.4080
7.5374	0.0261	2.4080
7.5460	0.0145	2.4080
7.5379	0.0274	2.4080
7.5309	0.0233	2.4080
7.5374	0.0197	2.4080
7.5452	0.0133	2.4080
7.5417	0.0142	2.4080
7.5366	0.0280	2.4080
7.5337	0.0168	2.4080
7.5414	0.0181	2.4080
7.5376	0.0141	2.4080
7.5406	0.0208	2.4080
7.5222	0.0263	2.4080
7.5285	0.0208	2.4080
7.5336	0.0312	2.4080
7.5171	0.0228	2.4080
7.5291	0.0279	2.4080
7.5319	0.0261	2.4080
7.5201	0.0162	2.4080
7.5311	0.0214	2.4080
7.5204	0.0303	2.4080
7.5374	0.0190	2.4080
7.5419	0.0169	2.4080
7.5439	0.0168	2.4080
7.5329	0.0244	2.4080
7.5404	0.0231	2.4080
7.5162	0.0229	2.4080
7.5146	0.0244	2.4080
7.5302	0.0267	2.4080
7.5257	0.0360	2.4080
7.5181	0.0209	2.4080
7.5425	0.0210	2.4080
7.5380	0.0242	2.4080
7.5422	0.0227	2.4080
7.5392	0.0368	2.4080
7.5236	0.0200	2.4080
7.5397	0.0328	2.4080
7.5309	0.0210	2.4080
7.5157	0.0156	2.4080
7.5344	0.0298	2.4080
7.5338	0.0254	2.4080
7.5361	0.0256	2.4080
7.5282	0.0303	2.4080
7.5243	0.0243	2.4080
7.5352	0.0356	2.4080
7.5455	0.0230	2.4080
7.5219	0.0303	2.4080
7.5302	0.0259	2.4080
7.5221	0.0230	2.4080
7.5387	0.0185	2.4080
7.5361	0.0262	2.4080
7.5284	0.0283	2.4080
7.5267	0.0210	2.4080
7.5432	0.0169	2.4080
7.5340	0.0156	2.4080
7.5343	0.0192	2.4080
7.5343	0.0360	2.4080
7.5196	0.0276	2.4080
7.5405	0.0368	2.4080
7.5438	0.0182	2.4080
7.5244	0.0273	2.4080
7.5419	0.0418	2.4080
7.5296	0.0184	2.4080
7.5481	0.0304	2.4080
7.5212	0.0249	2.4080
7.5284	0.0258	2.4080
7.5365	0.0175	2.4080
7.5446	0.0157	2.4080
7.5244	0.0261	2.4080
7.5347	0.0141	2.4080
7.5304	0.0203	2.4080
7.5244	0.0210	2.4080
7.5263	0.0108	2.4080
7.5296	0.0229	2.4080
7.5434	0.0212	2.4080
7.5333	0.0231	2.4080
7.5360	0.0224	2.4080
7.5381	0.0194	2.4080
7.5250	0.0197	2.4080
7.5308	0.0338	2.4080
7.5402	0.0240	2.4080
7.5249	0.0255	2.4080
7.5274	0.0214	2.4080
7.5293	0.0199	2.4080
7.5452	0.0295	2.4080
7.5338	0.0184	2.4080
7.5383	0.0211	2.4080
7.5136	0.0182	2.4080
7.5349	0.0172	2.4080
7.5276	0.0341	2.4080
7.5258	0.0191	2.4080
7.5460	0.0251	2.4080
7.5130	0.0279	2.4080
7.5282	0.0211	2.4080
7.5343	0.0313	2.4080
7.5382	0.0299	2.4080
7.5212	0.0237	2.4080
7.5208	0.0239	2.4080
7.5389	0.0162	2.4080
7.5223	0.0318	2.4080
7.5291	0.0205	2.4080
7.5248	0.0176	2.4080
7.5220	0.0212	2.4080
7.5316	0.0246	2.4080
7.5408	0.0308	2.4080
7.5328	0.0205	2.4080
7.5354	0.0236	2.4080
7.5467	0.0210	2.4080
7.5373	0.0216	2.4080
7.5299	0.0217	2.4080
7.5418	0.0138	2.4080
7.5302	0.0280	2.4080
7.5392	0.0203	2.4080
7.5312	0.0144	2.4080
7.5257	0.0189	2.4080
7.5232	0.0224	2.4080
7.5396	0.0270	2.4080
7.5297	0.0316	2.4080
7.5222	0.0242	2.4080
7.5287	0.0180	2.4080
7.5244	0.0246	2.4080
7.5262	0.0237	2.4080
7.5322	0.0236	2.4080
7.5374	0.0277	2.4080
7.5238	0.0214	2.4080
7.5299	0.0285	2.4080
7.5271	0.0256	2.4080
7.5279	0.0328	2.4080
7.5260	0.0272	2.4080
7.5408	0.0208	2.4080
7.5372	0.0271	2.4080
7.5321	0.0234	2.4080
7.5242	0.0221	2.4080
7.5306	0.0221	2.4080
7.5345	0.0178	2.4080
7.5199	0.0142	2.4080
7.5383	0.0275	2.4080
7.5347	0.0180	2.4080
7.5285	0.0334	2.4080
7.5451	0.0200	2.4080
7.5402	0.0334	2.4080
7.5372	0.0112	2.4080
7.5314	0.0133	2.4080
7.5366	0.0237	2.4080
7.5277	0.0227	2.4080
7.5431	0.0119	2.4080
7.5457	0.0340	2.4080
7.5346	0.0258	2.4080
7.5484	0.0202	2.4080
7.5359	0.0147	2.4080
7.5279	0.0341	2.4080
7.5348	0.0280	2.4080
7.5285	0.0166	2.4080
7.5446	0.0296	2.4080
7.5416	0.0185	2.4080
7.5406	0.0146	2.4080
7.5276	0.0248	2.4080
7.5237	0.0253	2.4080
7.5339	0.0191	2.4080
7.5259	0.0227	2.4080
7.5338	0.0208	2.4080
7.5215	0.0185	2.4080
7.5414	0.0185	2.4080
7.5323	0.0253	2.4080
7.5293	0.0180	2.4080
7.5303	0.0296	2.4080
7.5257	0.0191	2.4080
7.5363	0.0309	2.4080
7.5359	0.0279	2.4080
7.5383	0.0195	2.4080
7.5303	0.0173	2.4080
7.5218	0.0210	2.4080
7.5210	0.0292	2.4080
7.5400	0.0227	2.4080
7.5393	0.0233	2.4080
7.5395	0.0281	2.4080
7.5322	0.0124	2.4080
7.5380	0.0130	2.4080
7.5263	0.0331	2.4080
7.5281	0.0173	2.4080
7.5335	0.0135	2.4080
7.5361	0.0174	2.4080
7.5241	0.0226	2.4080
7.5279	0.0220	2.4080
7.5324	0.0329	2.4080
7.5300	0.0218	2.4080
7.5418	0.0262	2.4080
7.5372	0.0275	2.4080
7.5257	0.0215	2.4080
7.5336	0.0156	2.4080
7.5340	0.0206	2.4080
7.5303	0.0273	2.4080
7.5263	0.0227	2.4080
7.5333	0.0300	2.4080
7.5259	0.0214	2.4080
7.5230	0.0269	2.4080
7.5137	0.0245	2.4080
7.5296	0.0293	2.4080
7.5380	0.0181	2.4080
7.5411	0.0251	2.4080
7.5236	0.0227	2.4080
7.5159	0.0221	2.4080
7.5322	0.0266	2.4080
7.5345	0.0171	2.4080
7.5362	0.0116	2.4080
7.5414	0.0241	2.4080
7.5403	0.0247	2.4080
7.5318	0.0230	2.4080
7.5354	0.0329	2.4080
7.5338	0.0287	2.4080
7.5336	0.0165	2.4080
7.5273	0.0228	2.4080
7.5298	0.0222	2.4080
7.5444	0.0118	2.4080
7.5424	0.0144	2.4080
7.5475	0.0313	2.4080
7.5351	0.0335	2.4080
7.5450	0.0202	2.4080
7.5384	0.0219	2.4080
7.5384	0.0213	2.4080
7.5427	0.0321	2.4080
7.5283	0.0136	2.4080
7.5330	0.0348	2.4080
7.5428	0.0208	2.4080
7.5346	0.0121	2.4080
7.5384	0.0267	2.4080
7.5425	0.0286	2.4080
7.5372	0.0180	2.4080
7.5318	0.0225	2.4080
7.5277	0.0160	2.4080
7.5399	0.0194	2.4080
7.5272	0.0148	2.4080
7.5241	0.0174	2.4080
7.5270	0.0241	2.4080
7.5186	0.0197	2.4080
7.5360	0.0254	2.4080
7.5228	0.0227	2.4080
7.5247	0.0225	2.4080
7.5378	0.0259	2.4080
7.5367	0.0221	2.4080
7.5405	0.0178	2.4080
7.5321	0.0214	2.4080
7.5324	0.0222	2.4080
7.5330	0.0313	2.4080
7.5418	0.0215	2.4080
7.5343	0.0195	2.4080
7.5380	0.0186	2.4080
7.5431	0.0298	2.4080
7.5382	0.0216	2.4080
7.5399	0.0278	2.4080
7.5348	0.0153	2.4080
7.5437	0.0150	2.4080
7.5368	0.0208	2.4080
7.5307	0.0243	2.4080
7.5416	0.0171	2.4080
7.5319	0.0221	2.4080
7.5414	0.0160	2.4080
7.5156	0.0177	2.4080
7.5314	0.0295	2.4080
7.5329	0.0171	2.4080
7.5365	0.0122	2.4080
7.5332	0.0129	2.4080
7.5438	0.0195	2.4080
7.5279	0.0197	2.4080
7.5414	0.0232	2.4080
7.5234	0.0223	2.4080
7.5263	0.0298	2.4080
7.5236	0.0302	2.4080
7.5172	0.0225	2.4080
7.5196	0.0318	2.4080
7.5309	0.0144	2.4080
7.5256	0.0222	2.4080
7.5386	0.0233	2.4080
7.5263	0.0309	2.4080
7.5293	0.0291	2.4080
7.5257	0.0223	2.4080
7.5132	0.0321	2.4080
7.5284	0.0282	2.4080
7.5420	0.0188	2.4080
7.5315	0.0222	2.4080
7.5222	0.0169	2.4080
7.5393	0.0243	2.4080
7.5337	0.0289	2.4080
7.5331	0.0272	2.4080
7.5362	0.0314	2.4080
7.5347	0.0250	2.4080
7.5166	0.0319	2.4080
7.5403	0.0290	2.4080
7.5379	0.0313	2.4080
7.5415	0.0142	2.4080
7.5221	0.0216	2.4080
7.5390	0.0263	2.4080
7.5369	0.0166	2.4080
7.5347	0.0252	2.4080
7.5292	0.0185	2.4080
7.5308	0.0215	2.4080
7.5295	0.0335	2.4080
7.5401	0.0296	2.4080
7.5068	0.0283	2.4080
7.5429	0.0256	2.4080
7.5314	0.0173	2.4080
7.5405	0.0273	2.4080
7.5157	0.0270	2.4080
7.5320	0.0175	2.4080
7.5277	0.0174	2.4080
7.5319	0.0281	2.4080
7.5450	0.0219	2.4080
7.5274	0.0160	2.4080
7.5288	0.0345	2.4080
7.5405	0.0298	2.4080
7.5286	0.0238	2.4080
7.5293	0.0252	2.4080
7.5199	0.0228	2.4080
7.5261	0.0275	2.4080
7.5263	0.0178	2.4080
7.5408	0.0201	2.4080
7.5335	0.0177	2.4080
7.5358	0.0266	2.4080
7.5282	0.0270	2.4080
7.5380	0.0236	2.4080
7.5350	0.0224	2.4080
7.5362	0.0255	2.4080
7.5302	0.0141	2.4080
7.5313	0.0362	2.4080
7.5173	0.0252	2.4080
7.5442	0.0159	2.4080
7.5148	0.0309	2.4080
7.5171	0.0312	2.4080
7.5185	0.0102	2.4080
7.5006	0.0296	2.4080
7.5297	0.0250	2.4080
7.5360	0.0258	2.4080
7.5332	0.0213	2.4080
7.5309	0.0258	2.4080
7.5283	0.0174	2.4080
7.5264	0.0234	2.4080
7.5327	0.0208	2.4080
7.5207	0.0216	2.4080
7.5182	0.0273	2.4080
7.5320	0.0155	2.4080
7.5427	0.0207	2.4080
7.5399	0.0141	2.4080
7.5287	0.0178	2.4080
7.5360	0.0278	2.4080
7.5333	0.0276	2.4080
7.5361	0.0151	2.4080
7.5271	0.0298	2.4080
7.5383	0.0181	2.4080
7.5345	0.0325	2.4080
7.5372	0.0238	2.4080
7.5292	0.0223	2.4080
7.5242	0.0185	2.4080
7.5293	0.0191	2.4080
7.5341	0.0087	2.4080
7.5309	0.0238	2.4080
7.5252	0.0260	2.4080
7.5255	0.0246	2.4080
7.5327	0.0250	2.4080
7.5313	0.0274	2.4080
7.5259	0.0163	2.4080
7.5442	0.0192	2.4080
7.5353	0.0166	2.4080
7.5435	0.0181	2.4080
7.5236	0.0239	2.4080
7.5339	0.0262	2.4080
7.5401	0.0213	2.4080
7.5320	0.0347	2.4080
7.5341	0.0160	2.4080
7.5364	0.0255	2.4080
7.5403	0.0167	2.4080
7.5234	0.0157	2.4080
7.5401	0.0221	2.4080
7.5358	0.0188	2.4080
7.5296	0.0292	2.4080
7.5296	0.0287	2.4080
7.5307	0.0220	2.4080
7.5379	0.0159	2.4080
7.5302	0.0290	2.4080
7.5380	0.0153	2.4080
7.5442	0.0182	2.4080
7.5367	0.0221	2.4080
7.5365	0.0300	2.4080
7.5412	0.0205	2.4080
7.5299	0.0170	2.4080
7.5332	0.0179	2.4080
7.5445	0.0188	2.4080
7.5392	0.0251	2.4080
7.5251	0.0193	2.4080
7.5336	0.0342	2.4080
7.5228	0.0217	2.4080
7.5347	0.0272	2.4080
7.5375	0.0149	2.4080
7.5301	0.0263	2.4080
7.5433	0.0271	2.4080
7.5389	0.0300	2.4080
7.5391	0.0216	2.4080
7.5439	0.0295	2.4080
7.5322	0.0236	2.4080
7.5203	0.0169	2.4080
7.5391	0.0189	2.4080
7.5249	0.0310	2.4080
7.5298	0.0138	2.4080
7.5379	0.0265	2.4080
7.5211	0.0354	2.4080
7.5334	0.0164	2.4080
7.5357	0.0195	2.4080
7.5224	0.0235	2.4080
7.5328	0.0183	2.4080
7.5158	0.0227	2.4080
7.5323	0.0200	2.4080
7.5302	0.0240	2.4080
7.5363	0.0306	2.4080
7.5346	0.0111	2.4080
7.5387	0.0329	2.4080
7.5326	0.0276	2.4080
7.5398	0.0250	2.4080
7.5315	0.0177	2.4080
7.5323	0.0266	2.4080
7.5294	0.0243	2.4080
7.5336	0.0142	2.4080
7.5191	0.0270	2.4080
7.5185	0.0281	2.4080
7.5455	0.0144	2.4080
7.5294	0.0295	2.4080
7.5279	0.0245	2.4080
7.5292	0.0202	2.4080
7.5446	0.0156	2.4080
7.5455	0.0165	2.4080
7.5306	0.0175	2.4080
7.5259	0.0231	2.4080
7.5146	0.0329	2.4080
7.5262	0.0200	2.4080
7.5338	0.0248	2.4080
7.5302	0.0247	2.4080
7.5332	0.0136	2.4080
7.5522	0.0248	2.4080
7.5259	0.0205	2.4080
7.5367	0.0166	2.4080
7.5311	0.0264	2.4080
7.5282	0.0182	2.4080
7.5317	0.0226	2.4080
7.5283	0.0181	2.4080
7.5345	0.0224	2.4080
7.5284	0.0156	2.4080
7.5446	0.0302	2.4080
7.5353	0.0215	2.4080
7.5341	0.0223	2.4080
7.5217	0.0255	2.4080
7.5343	0.0164	2.4080
7.5446	0.0245	2.4080
7.5264	0.0206	2.4080
7.5409	0.0226	2.4080
7.5264	0.0216	2.4080
7.5184	0.0157	2.4080
7.5317	0.0252	2.4080
7.5170	0.0343	2.4080
7.5467	0.0187	2.4080
7.5351	0.0249	2.4080
7.5334	0.0283	2.4080
7.5446	0.0144	2.4080
7.5447	0.0243	2.4080
7.5361	0.0173	2.4080
7.5465	0.0162	2.4080
7.5283	0.0224	2.4080
7.5261	0.0336	2.4080
7.5236	0.0219	2.4080
7.5404	0.0254	2.4080
7.5385	0.0195	2.4080
7.5262	0.0225	2.4080
7.5331	0.0151	2.4080
7.5303	0.0274	2.4080
7.5326	0.0148	2.4080
7.5300	0.0215	2.4080
7.5341	0.0212	2.4080
7.5304	0.0171	2.4080
7.5420	0.0165	2.4080
7.5249	0.0311	2.4080
7.5277	0.0231	2.4080
7.5319	0.0202	2.4080
7.5126	0.0260	2.4080
7.5247	0.0237	2.4080
7.5311	0.0224	2.4080
7.5357	0.0141	2.4080
7.5247	0.0247	2.4080
7.5204	0.0169	2.4080
7.5288	0.0271	2.4080
7.5350	0.0189	2.4080
7.5333	0.0240	2.4080
7.5341	0.0219	2.4080
7.5319	0.0295	2.4080
7.5333	0.0187	2.4080
7.5210	0.0268	2.4080
7.5365	0.0282	2.4080
7.5202	0.0200	2.4080
7.5343	0.0229	2.4080
7.5236	0.0246	2.4080
7.5307	0.0215	2.4080
7.5206	0.0300	2.4080
7.5341	0.0290	2.4080
7.5320	0.0116	2.4080
7.5265	0.0233	2.4080
7.5269	0.0246	2.4080
7.5341	0.0323	2.4080
7.5401	0.0273	2.4080
7.5221	0.0287	2.4080
7.5198	0.0240	2.4080
7.5273	0.0109	2.4080
7.5270	0.0230	2.4080
7.5255	0.0277	2.4080
7.5361	0.0238	2.4080
7.5267	0.0151	2.4080
7.5420	0.0201	2.4080
7.5395	0.0190	2.4080
7.5360	0.0187	2.4080
7.5115	0.0208	2.4080
7.5243	0.0220	2.4080
7.5208	0.0243	2.4080
7.5274	0.0315	2.4080
7.5423	0.0274	2.4080
7.5383	0.0273	2.4080
7.5218	0.0296	2.4080
7.5388	0.0152	2.4080
7.5359	0.0183	2.4080
7.5292	0.0170	2.4080
7.5278	0.0223	2.4080
7.5209	0.0226	2.4080
7.5380	0.0210	2.4080
7.5361	0.0296	2.4080
7.5428	0.0154	2.4080
7.5298	0.0200	2.4080
7.5287	0.0249	2.4080
7.5277	0.0194	2.4080
7.5357	0.0325	2.4080
7.5410	0.0159	2.4080
7.5192	0.0217	2.4080
7.5359	0.0267	2.4080
7.5330	0.0278	2.4080
7.5205	0.0244	2.4080
7.5305	0.0266	2.4080
7.5268	0.0313	2.4080
7.5442	0.0153	2.4080
7.5379	0.0270	2.4080
7.5252	0.0302	2.4080
7.5147	0.0186	2.4080
7.5300	0.0249	2.4080
7.5342	0.0112	2.4080
7.5385	0.0151	2.4080
7.5285	0.0231	2.4080
7.5408	0.0171	2.4080
7.5353	0.0189	2.4080
7.5329	0.0264	2.4080
7.5393	0.0195	2.4080
7.5349	0.0318	2.4080
7.5437	0.0270	2.4080
7.5353	0.0271	2.4080
7.5243	0.0211	2.4080
7.5361	0.0305	2.4080
7.5363	0.0206	2.4080
7.5201	0.0237	2.4080
7.5350	0.0217	2.4080
7.5253	0.0185	2.4080
7.5252	0.0272	2.4080
7.5375	0.0212	2.4080
7.5217	0.0284	2.4080
7.5288	0.0238	2.4080
7.5265	0.0238	2.4080
7.5481	0.0140	2.4080
7.5322	0.0300	2.4080
7.5105	0.0214	2.4080
7.5288	0.0118	2.4080
7.5303	0.0230	2.4080
7.5292	0.0176	2.4080
7.5248	0.0298	2.4080
7.5449	0.0140	2.4080
7.5364	0.0236	2.4080
7.5378	0.0254	2.4080
7.5237	0.0234	2.4080
7.5220	0.0204	2.4080
7.5240	0.0144	2.4080
7.5366	0.0227	2.4080
7.5261	0.0176	2.4080
7.5399	0.0369	2.4080
7.5456	0.0200	2.4080
7.5291	0.0176	2.4080
7.5239	0.0220	2.4080
7.5344	0.0213	2.4080
7.5287	0.0161	2.4080
7.5334	0.0240	2.4080
7.5316	0.0289	2.4080
7.5278	0.0269	2.4080
7.5335	0.0234	2.4080
7.5306	0.0130	2.4080
7.5281	0.0244	2.4080
7.5319	0.0239	2.4080
7.5275	0.0218	2.4080
7.5330	0.0350	2.4080
7.5382	0.0203	2.4080
7.5303	0.0275	2.4080
7.5437	0.0260	2.4080
7.5366	0.0169	2.4080
7.5289	0.0234	2.4080
7.5305	0.0278	2.4080
7.5390	0.0076	2.4080
7.5356	0.0230	2.4080
7.5332	0.0258	2.4080
7.5286	0.0203	2.4080
7.5337	0.0203	2.4080
7.5419	0.0103	2.4080
7.5317	0.0275	2.4080
7.5245	0.0210	2.4080
7.5250	0.0252	2.4080
7.5255	0.0240	2.4080
7.5268	0.0309	2.4080
7.5458	0.0134	2.4080
7.5388	0.0173	2.4080
7.5435	0.0217	2.4080
7.5315	0.0264	2.4080
7.5179	0.0233	2.4080
7.5293	0.0234	2.4080
7.5432	0.0200	2.4080
7.5408	0.0234	2.4080
7.5278	0.0121	2.4080
7.5247	0.0224	2.4080
7.5291	0.0219	2.4080
7.5386	0.0247	2.4080
7.5325	0.0140	2.4080
7.5425	0.0137	2.4080
7.5340	0.0212	2.4080
7.5345	0.0215	2.4080
7.5306	0.0213	2.4080
7.5311	0.0172	2.4080
7.5247	0.0253	2.4080
7.5228	0.0161	2.4080
7.5435	0.0182	2.4080
7.5142	0.0198	2.4080
7.5217	0.0201	2.4080
7.5233	0.0290	2.4080
7.5150	0.0220	2.4080
7.5305	0.0376	2.4080
7.5312	0.0156	2.4080
7.5485	0.0195	2.4080
7.5388	0.0204	2.4080
7.5337	0.0130	2.4080
7.5267	0.0281	2.4080
7.5265	0.0177	2.4080
7.5228	0.0221	2.4080
7.5347	0.0245	2.4080
7.5277	0.0188	2.4080
7.5172	0.0224	2.4080
7.5344	0.0227	2.4080
7.5280	0.0171	2.4080
7.5341	0.0135	2.4080
7.5311	0.0280	2.4080
7.5367	0.0167	2.4080
7.5363	0.0230	2.4080
7.5232	0.0237	2.4080
7.5367	0.0137	2.4080
7.5268	0.0363	2.4080
7.5265	0.0145	2.4080
7.5325	0.0268	2.4080
7.5338	0.0211	2.4080
7.5270	0.0166	2.4080
7.5267	0.0235	2.4080
7.5458	0.0161	2.4080
7.5378	0.0166	2.4080
7.5359	0.0239	2.4080
7.5156	0.0283	2.4080
7.5275	0.0313	2.4080
7.5262	0.0175	2.4080
7.5295	0.0294	2.4080
7.5290	0.0201	2.4080
7.5317	0.0277	2.4080
7.5275	0.0354	2.4080
7.5304	0.0190	2.4080
7.5327	0.0303	2.4080
7.5462	0.0187	2.4080
7.5282	0.0155	2.4080
7.5212	0.0244	2.4080
7.5367	0.0314	2.4080
7.5278	0.0307	2.4080
7.5278	0.0122	2.4080
7.5368	0.0143	2.4080
7.5386	0.0308	2.4080
7.5231	0.0308	2.4080
7.5339	0.0344	2.4080
7.5303	0.0236	2.4080
7.5389	0.0154	2.4080
7.5330	0.0227	2.4080
7.5312	0.0309	2.4080
7.5164	0.0352	2.4080
7.5270	0.0197	2.4080
7.5223	0.0232	2.4080
7.5407	0.0179	2.4080
7.5468	0.0152	2.4080
7.5270	0.0274	2.4080
7.5351	0.0150	2.4080
7.5434	0.0208	2.4080
7.5306	0.0179	2.4080
7.5358	0.0219	2.4080
7.5333	0.0168	2.4080
7.5433	0.0117	2.4080
7.5361	0.0226	2.4080
7.5354	0.0184	2.4080
7.5199	0.0344	2.4080
7.5441	0.0233	2.4080
7.5320	0.0232	2.4080
7.5123	0.0220	2.4080
7.5186	0.0239	2.4080
7.5308	0.0189	2.4080
7.5488	0.0218	2.4080
7.5401	0.0146	2.4080
7.5398	0.0218	2.4080
7.5322	0.0201	2.4080
7.5432	0.0192	2.4080
7.5252	0.0260	2.4080
7.5265	0.0262	2.4080
7.5380	0.0192	2.4080
7.5284	0.0254	2.4080
7.5236	0.0087	2.4080
7.5247	0.0210	2.4080
7.5377	0.0310	2.4080
7.5245	0.0226	2.4080
7.5300	0.0224	2.4080
7.5352	0.0277	2.4080
7.5237	0.0292	2.4080
7.5335	0.0202	2.4080
7.5225	0.0165	2.4080
7.5379	0.0158	2.4080
7.5330	0.0249	2.4080
7.5346	0.0170	2.4080
7.5368	0.0157	2.4080
7.5412	0.0236	2.4080
7.5350	0.0209	2.4080
7.5331	0.0162	2.4080
7.5309	0.0168	2.4080
7.5135	0.0266	2.4080
7.5306	0.0143	2.4080
7.5184	0.0242	2.4080
7.5351	0.0225	2.4080
7.5383	0.0300	2.4080
7.5367	0.0214	2.4080
7.5151	0.0188	2.4080
7.5219	0.0355	2.4080
7.5244	0.0207	2.4080
7.5295	0.0324	2.4080
7.5277	0.0219	2.4080
7.5328	0.0172	2.4080
7.5374	0.0250	2.4080
7.5274	0.0271	2.4080
7.5151	0.0217	2.4080
7.5274	0.0277	2.4080
7.5362	0.0296	2.4080
7.5232	0.0271	2.4080
7.5331	0.0168	2.4080
7.5127	0.0188	2.4080
7.5388	0.0241	2.4080
7.5340	0.0238	2.4080
7.5355	0.0199	2.4080
7.5258	0.0246	2.4080
7.5437	0.0129	2.4080
7.5312	0.0228	2.4080
7.5450	0.0171	2.4080
7.5299	0.0242	2.4080
7.5181	0.0242	2.4080
7.5329	0.0299	2.4080
7.5365	0.0196	2.4080
7.5276	0.0254	2.4080
7.5114	0.0291	2.4080
7.5203	0.0229	2.4080
7.5402	0.0218	2.4080
7.5303	0.0312	2.4080
7.5311	0.0280	2.4080
7.5338	0.0270	2.4080
7.5316	0.0217	2.4080
7.5244	0.0286	2.4080
7.5329	0.0239	2.4080
7.5228	0.0280	2.4080
7.5356	0.0235	2.4080
7.5383	0.0172	2.4080
7.5289	0.0298	2.4080
7.5316	0.0269	2.4080
7.5397	0.0317	2.4080
7.5352	0.0281	2.4080
7.5386	0.0333	2.4080
7.5402	0.0148	2.4080
7.5328	0.0179	2.4080
7.5352	0.0219	2.4080
7.5230	0.0265	2.4080
7.5331	0.0316	2.4080
7.5389	0.0323	2.4080
7.5312	0.0274	2.4080
7.5423	0.0244	2.4080
7.5203	0.0180	2.4080
7.5335	0.0305	2.4080
7.5281	0.0258	2.4080
7.5334	0.0312	2.4080
7.5213	0.0393	2.4080
7.5340	0.0313	2.4080
7.5371	0.0239	2.4080
7.5337	0.0341	2.4080
7.5308	0.0153	2.4080
7.5333	0.0188	2.4080
7.5406	0.0208	2.4080
7.5350	0.0281	2.4080
7.5330	0.0158	2.4080
7.5285	0.0258	2.4080
7.5267	0.0244	2.4080
7.5261	0.0229	2.4080
7.5259	0.0159	2.4080
7.5203	0.0251	2.4080
7.5292	0.0337	2.4080
7.5452	0.0220	2.4080
7.5317	0.0217	2.4080
7.5276	0.0291	2.4080
7.5367	0.0265	2.4080
7.5227	0.0229	2.4080
7.5267	0.0170	2.4080
7.5345	0.0228	2.4080
7.5267	0.0185	2.4080
7.5358	0.0231	2.4080
7.5340	0.0264	2.4080
7.5333	0.0216	2.4080
7.5386	0.0151	2.4080
7.5082	0.0154	2.4080
7.5344	0.0108	2.4080
7.5335	0.0204	2.4080
7.5297	0.0221	2.4080
7.5282	0.0107	2.4080
7.5311	0.0203	2.4080
7.5366	0.0312	2.4080
7.5356	0.0312	2.4080
7.5361	0.0111	2.4080
7.5273	0.0254	2.4080
7.5376	0.0230	2.4080
7.5282	0.0312	2.4080
7.5228	0.0299	2.4080
7.5262	0.0246	2.4080
7.5137	0.0248	2.4080
7.5299	0.0210	2.4080
7.5317	0.0218	2.4080
7.5174	0.0281	2.4080
7.5360	0.0218	2.4080
7.5348	0.0173	2.4080
7.5205	0.0211	2.4080
7.5302	0.0207	2.4080
7.5288	0.0118	2.4080
7.5392	0.0193	2.4080
7.5305	0.0260	2.4080
7.5402	0.0297	2.4080
7.5283	0.0174	2.4080
7.5160	0.0197	2.4080
7.5311	0.0247	2.4080
7.5434	0.0204	2.4080
7.5199	0.0300	2.4080
7.5330	0.0197	2.4080
7.5312	0.0199	2.4080
7.5343	0.0264	2.4080
7.5294	0.0194	2.4080
7.5356	0.0258	2.4080
7.5360	0.0260	2.4080
7.5388	0.0225	2.4080
7.5308	0.0210	2.4080
7.5442	0.0256	2.4080
7.5309	0.0294	2.4080
7.5410	0.0368	2.4080
7.5347	0.0178	2.4080
7.5271	0.0130	2.4080
7.5358	0.0246	2.4080
7.5192	0.0183	2.4080
7.5255	0.0179	2.4080
7.5249	0.0285	2.4080
7.5301	0.0213	2.4080
7.5331	0.0217	2.4080
7.5381	0.0273	2.4080
7.5362	0.0179	2.4080
7.5444	0.0182	2.4080
7.5355	0.0295	2.4080
7.5263	0.0201	2.4080
7.5313	0.0262	2.4080
7.5513	0.0156	2.4080
7.5354	0.0243	2.4080
7.5371	0.0185	2.4080
7.5331	0.0175	2.4080
7.5407	0.0260	2.4080
7.5235	0.0283	2.4080
7.5239	0.0254	2.4080
7.5210	0.0225	2.4080
7.5376	0.0257	2.4080
7.5164	0.0294	2.4080
7.5290	0.0166	2.4080
7.5300	0.0205	2.4080
7.5221	0.0301	2.4080
7.5356	0.0255	2.4080
7.5349	0.0159	2.4080
7.5395	0.0220	2.4080
7.5252	0.0263	2.4080
7.5269	0.0252	2.4080
7.5275	0.0168	2.4080
7.5182	0.0198	2.4080
7.5246	0.0258	2.4080
7.5372	0.0174	2.4080
7.5280	0.0226	2.4080
7.5405	0.0230	2.4080
7.5386	0.0245	2.4080
7.5452	0.0317	2.4080
7.5341	0.0220	2.4080
7.5258	0.0333	2.4080
7.5248	0.0234	2.4080
7.5259	0.0268	2.4080
7.5162	0.0310	2.4080
7.5445	0.0203	2.4080
7.5422	0.0344	2.4080
7.5293	0.0206	2.4080
7.5345	0.0258	2.4080
7.5352	0.0246	2.4080
7.5352	0.0151	2.4080
7.5448	0.0139	2.4080
7.5365	0.0214	2.4080
7.5228	0.0236	2.4080
7.5292	0.0155	2.4080
7.5274	0.0216	2.4080
7.5269	0.0211	2.4080
7.5276	0.0215	2.4080
7.5316	0.0309	2.4080
7.5374	0.0133	2.4080
7.5395	0.0270	2.4080
7.5243	0.0461	2.4080
7.5329	0.0260	2.4080
7.5181	0.0088	2.4080
7.5267	0.0208	2.4080
7.5271	0.0191	2.4080
7.5206	0.0126	2.4080
7.5243	0.0197	2.4080
7.5386	0.0143	2.4080
7.5262	0.0230	2.4080
7.5172	0.0174	2.4080
7.5336	0.0352	2.4080
7.5183	0.0123	2.4080
7.5217	0.0290	2.4080
7.5320	0.0160	2.4080
7.5336	0.0279	2.4080
7.5263	0.0233	2.4080
7.5394	0.0239	2.4080
7.5406	0.0178	2.4080
7.5189	0.0168	2.4080
7.5304	0.0434	2.4080
7.5385	0.0192	2.4080
7.5370	0.0245	2.4080
7.5200	0.0226	2.4080
7.5307	0.0190	2.4080
7.5082	0.0291	2.4080
7.5332	0.0249	2.4080
7.5369	0.0319	2.4080
7.5416	0.0344	2.4080
7.5363	0.0223	2.4080
7.5276	0.0250	2.4080
7.5175	0.0185	2.4080
7.5239	0.0251	2.4080
7.5234	0.0213	2.4080
7.5383	0.0248	2.4080
7.5185	0.0242	2.4080
7.5189	0.0172	2.4080
7.5352	0.0220	2.4080
7.5295	0.0156	2.4080
7.5237	0.0114	2.4080
7.5214	0.0195	2.4080
7.5247	0.0278	2.4080
7.5279	0.0290	2.4080
7.5291	0.0186	2.4080
7.5268	0.0238	2.4080
7.5245	0.0176	2.4080
7.5334	0.0223	2.4080
7.5310	0.0245	2.4080
7.5158	0.0259	2.4080
7.5354	0.0199	2.4080
7.5307	0.0215	2.4080
7.5234	0.0265	2.4080
7.5214	0.0127	2.4080
7.5376	0.0120	2.4080
7.5237	0.0248	2.4080
7.5200	0.0214	2.4080
7.5229	0.0270	2.4080
7.5281	0.0302	2.4080
7.5215	0.0222	2.4080
7.5288	0.0193	2.4080
7.5330	0.0193	2.4080
7.5306	0.0244	2.4080
7.5353	0.0093	2.4080
7.5305	0.0279	2.4080
7.5289	0.0280	2.4080
7.5092	0.0155	2.4080
7.5177	0.0242	2.4080
7.5354	0.0276	2.4080
7.5350	0.0156	2.4080
7.5475	0.0166	2.4080
7.5337	0.0186	2.4080
7.5390	0.0157	2.4080
7.5281	0.0164	2.4080
7.5299	0.0169	2.4080
7.5358	0.0204	2.4080
7.5316	0.0202	2.4080
7.5249	0.0284	2.4080
7.5370	0.0307	2.4080
7.5351	0.0195	2.4080
7.5473	0.0141	2.4080
7.5266	0.0268	2.4080
7.5305	0.0256	2.4080
7.5308	0.0221	2.4080
7.5370	0.0239	2.4080
7.5212	0.0246	2.4080
7.5334	0.0281	2.4080
7.5306	0.0294	2.4080
7.5318	0.0158	2.4080
7.5312	0.0209	2.4080
7.5308	0.0169	2.4080
7.5318	0.0223	2.4080
7.5215	0.0259	2.4080
7.5213	0.0302	2.4080
7.5239	0.0251	2.4080
7.5289	0.0257	2.4080
7.5351	0.0306	2.4080
7.5385	0.0282	2.4080
7.5320	0.0189	2.4080
7.5356	0.0227	2.4080
7.5220	0.0226	2.4080
7.5347	0.0223	2.4080
7.5305	0.0252	2.4080
7.5295	0.0250	2.4080
7.5175	0.0342	2.4080
7.5389	0.0197	2.4080
7.5133	0.0257	2.4080
7.5272	0.0223	2.4080
7.5198	0.0223	2.4080
7.5530	0.0147	2.4080
7.5293	0.0169	2.4080
7.5247	0.0317	2.4080
7.5328	0.0160	2.4080
7.5437	0.0298	2.4080
7.5361	0.0287	2.4080
7.5213	0.0270	2.4080
7.5207	0.0313	2.4080
7.5298	0.0190	2.4080
7.5260	0.0329	2.4080
7.5332	0.0239	2.4080
7.5402	0.0270	2.4080
7.5226	0.0255	2.4080
7.5321	0.0263	2.4080
7.5326	0.0313	2.4080
7.5318	0.0232	2.4080
7.5444	0.0241	2.4080
7.5454	0.0242	2.4080
7.5263	0.0150	2.4080
7.5378	0.0177	2.4080
7.5166	0.0184	2.4080
7.5435	0.0146	2.4080
7.5232	0.0191	2.4080
7.5397	0.0159	2.4080
7.5364	0.0234	2.4080
7.5148	0.0259	2.4080
7.5345	0.0308	2.4080
7.5223	0.0189	2.4080
7.5306	0.0268	2.4080
7.5409	0.0200	2.4080
7.5316	0.0209	2.4080
7.5393	0.0183	2.4080
7.5379	0.0197	2.4080
7.5243	0.0110	2.4080
7.5249	0.0317	2.4080
7.5366	0.0244	2.4080
7.5241	0.0159	2.4080
7.5232	0.0206	2.4080
7.5235	0.0168	2.4080
7.5184	0.0259	2.4080
7.5397	0.0123	2.4080
7.5372	0.0174	2.4080
7.5351	0.0160	2.4080
7.5357	0.0252	2.4080
7.5284	0.0199	2.4080
7.5249	0.0261	2.4080
7.5244	0.0187	2.4080
7.5280	0.0195	2.4080
7.5163	0.0251	2.4080
7.5185	0.0322	2.4080
7.5190	0.0167	2.4080
7.5196	0.0342	2.4080
7.5377	0.0143	2.4080
7.5326	0.0183	2.4080
7.5267	0.0239	2.4080
7.5226	0.0305	2.4080
7.5222	0.0218	2.4080
7.5261	0.0207	2.4080
7.5351	0.0279	2.4080
7.5255	0.0263	2.4080
7.5417	0.0286	2.4080
7.5288	0.0193	2.4080
7.5306	0.0260	2.4080
7.5127	0.0280	2.4080
7.5244	0.0175	2.4080
7.5432	0.0175	2.4080
7.5275	0.0280	2.4080
7.5363	0.0135	2.4080
7.5277	0.0218	2.4080
7.5384	0.0169	2.4080
7.5178	0.0220	2.4080
7.5280	0.0156	2.4080
7.5235	0.0238	2.4080
7.5217	0.0234	2.4080
7.5215	0.0230	2.4080
7.5323	0.0146	2.4080
7.5202	0.0274	2.4080
7.5287	0.0210	2.4080
7.5271	0.0223	2.4080
7.5295	0.0186	2.4080
7.5235	0.0296	2.4080
7.5290	0.0230	2.4080
7.5319	0.0176	2.4080
7.5273	0.0280	2.4080
7.5193	0.0212	2.4080
7.5257	0.0230	2.4080
7.5313	0.0262	2.4080
7.5116	0.0236	2.4080
7.5351	0.0203	2.4080
7.5302	0.0213	2.4080
7.5330	0.0282	2.4080
7.5216	0.0223	2.4080
7.5310	0.0274	2.4080
7.5217	0.0265	2.4080
7.5275	0.0161	2.4080
7.5288	0.0215	2.4080
7.5288	0.0190	2.4080
7.5276	0.0265	2.4080
7.5409	0.0250	2.4080
7.5289	0.0200	2.4080
7.5221	0.0265	2.4080
7.5348	0.0133	2.4080
7.5280	0.0233	2.4080
7.5178	0.0279	2.4080
7.5286	0.0190	2.4080
7.5319	0.0171	2.4080
7.5205	0.0264	2.4080
7.5222	0.0257	2.4080
7.5346	0.0266	2.4080
7.5254	0.0221	2.4080
7.5244	0.0311	2.4080
7.5411	0.0229	2.4080
7.5263	0.0279	2.4080
7.5286	0.0255	2.4080
7.5167	0.0270	2.4080
7.5302	0.0286	2.4080
7.5323	0.0193	2.4080
7.5274	0.0252	2.4080
7.5245	0.0206	2.4080
7.5108	0.0337	2.4080
7.5064	0.0234	2.4080
7.5029	0.0169	2.4080
7.5068	0.0258	2.4080
7.5079	0.0221	2.4080
7.5006	0.0189	2.4080
7.5148	0.0230	2.4080
7.4952	0.0195	2.4080
7.5133	0.0252	2.4080
7.4969	0.0249	2.4080
7.4974	0.0224	2.4080
7.5061	0.0168	2.4080
7.5039	0.0252	2.4080
7.4935	0.0267	2.4080
7.4951	0.0189	2.4080
7.5047	0.0255	2.4080
7.4808	0.0310	2.4080
7.4945	0.0186	2.4080
7.4993	0.0279	2.4080
7.4990	0.0189	2.4080
7.4853	0.0229	2.4080
7.4921	0.0257	2.4080
7.4959	0.0129	2.4080
7.4937	0.0263	2.4080
7.4920	0.0152	2.4080
7.5001	0.0192	2.4080
7.4970	0.0223	2.4080
7.4778	0.0187	2.4080
7.4833	0.0235	2.4080
7.4941	0.0201	2.4080
7.4783	0.0272	2.4080
7.4935	0.0150	2.4080
7.4707	0.0257	2.4080
7.4847	0.0184	2.4080
7.4841	0.0255	2.4080
7.4885	0.0174	2.4080
7.4853	0.0211	2.4080
7.4810	0.0172	2.4080
7.4820	0.0170	2.4080
7.4846	0.0280	2.4080
7.4961	0.0101	2.4080
7.4762	0.0237	2.4080
7.4804	0.0210	2.4080
7.4807	0.0201	2.4080
7.4830	0.0219	2.4080
7.4838	0.0255	2.4080
7.4736	0.0319	2.4080
7.4762	0.0147	2.4080
7.4761	0.0234	2.4080
7.4860	0.0330	2.4080
7.4854	0.0151	2.4080
7.4966	0.0173	2.4080
7.4763	0.0298	2.4080
7.4739	0.0166	2.4080
7.4824	0.0239	2.4080
7.4805	0.0283	2.4080
7.4697	0.0300	2.4080
7.4809	0.0231	2.4080
7.4850	0.0112	2.4080
7.4741	0.0194	2.4080
7.4756	0.0170	2.4080
7.4697	0.0278	2.4080
7.4784	0.0177	2.4080
7.4759	0.0256	2.4080
7.4817	0.0179	2.4080
7.4873	0.0237	2.4080
7.4674	0.0200	2.4080
7.4820	0.0160	2.4080
7.4813	0.0223	2.4080
7.4717	0.0248	2.4080
7.4875	0.0238	2.4080
7.4817	0.0164	2.4080
7.4763	0.0228	2.4080
7.4756	0.0283	2.4080
7.4675	0.0201	2.4080
7.4781	0.0215	2.4080
7.4799	0.0266	2.4080
7.4799	0.0139	2.4080
7.4708	0.0238	2.4080
7.4662	0.0167	2.4080
7.4686	0.0141	2.4080
7.4837	0.0151	2.4080
7.4715	0.0126	2.4080
7.4694	0.0317	2.4080
7.4838	0.0138	2.4080
7.4804	0.0207	2.4080
7.4782	0.0198	2.4080
7.4735	0.0223	2.4080
7.4774	0.0185	2.4080
7.4609	0.0311	2.4080
7.4690	0.0205	2.4080
7.4752	0.0087	2.4080
7.4651	0.0185	2.4080
7.4754	0.0235	2.4080
7.4829	0.0220	2.4080
7.4719	0.0215	2.4080
7.4648	0.0187	2.4080
7.4743	0.0150	2.4080
7.4833	0.0162	2.4080
7.4716	0.0265	2.4080
7.4736	0.0126	2.4080
7.4716	0.0186	2.4080
7.4745	0.0207	2.4080
7.4629	0.0207	2.4080
7.4692	0.0212	2.4080
7.4663	0.0183	2.4080
7.4641	0.0297	2.4080
7.4717	0.0218	2.4080
7.4693	0.0286	2.4080
7.4717	0.0312	2.4080
7.4652	0.0229	2.4080
7.4671	0.0216	2.4080
7.4604	0.0306	2.4080
7.4786	0.0110	2.4080
7.4542	0.0314	2.4080
7.4662	0.0276	2.4080
7.4583	0.0221	2.4080
7.4720	0.0205	2.4080
7.4642	0.0267	2.4080
7.4651	0.0219	2.4080
7.4741	0.0215	2.4080
7.4668	0.0270	2.4080
7.4649	0.0188	2.4080
7.4482	0.0250	2.3160
7.5057	0.0161	2.3160
7.4977	0.0249	2.3160
7.4953	0.0140	2.3160
7.5055	0.0233	2.3160
7.4967	0.0227	2.3160
7.5064	0.0126	2.3160
7.4969	0.0207	2.3160
7.4900	0.0117	2.3160
7.4960	0.0221	2.3160
7.4811	0.0299	2.3160
7.4988	0.0235	2.3160
7.4946	0.0231	2.3160
7.5021	0.0124	2.3160
7.5029	0.0258	2.3160
7.4826	0.0186	2.3160
7.5039	0.0225	2.3160
7.4965	0.0139	2.3160
7.4927	0.0269	2.3160
7.5005	0.0174	2.3160
7.5060	0.0178	2.3160
7.4990	0.0286	2.3160
7.5005	0.0207	2.3160
7.4995	0.0166	2.3160
7.5036	0.0179	2.3160
7.4994	0.0180	2.3160
7.5039	0.0210	2.3160
7.4872	0.0145	2.3160
7.4925	0.0245	2.3160
7.4863	0.0175	2.3160
7.4887	0.0126	2.3160
7.5020	0.0195	2.3160
7.4952	0.0279	2.3160
7.4872	0.0214	2.3160
7.4945	0.0162	2.3160
7.4758	0.0125	2.3160
7.4927	0.0194	2.3160
7.5081	0.0235	2.3160
7.4816	0.0285	2.3160
7.4913	0.0158	2.3160
7.4948	0.0240	2.3160
7.4914	0.0264	2.3160
7.5059	0.0141	2.3160
7.4889	0.0225	2.3160
7.4980	0.0313	2.3160
7.5004	0.0219	2.3160
7.4786	0.0258	2.3160
7.4880	0.0264	2.3160
7.4825	0.0301	2.3160
7.4901	0.0226	2.3160
7.4822	0.0292	2.3160
7.4879	0.0248	2.3160
7.4988	0.0278	2.3160
7.4775	0.0342	2.3160
7.4933	0.0208	2.3160
7.5082	0.0164	2.3160
7.4888	0.0246	2.3160
7.5003	0.0124	2.3160
7.4836	0.0143	2.3160
7.4641	0.0297	2.3160
7.4890	0.0142	2.3160
7.4985	0.0223	2.3160
7.5038	0.0117	2.3160
7.4751	0.0160	2.3160
7.4846	0.0197	2.3160
7.4914	0.0199	2.3160
7.4960	0.0261	2.3160
7.4794	0.0130	2.3160
7.4890	0.0244	2.3160
7.4872	0.0322	2.3160
7.4890	0.0122	2.3160
7.4821	0.0196	2.3160
7.4855	0.0278	2.3160
7.4792	0.0227	2.3160
7.4684	0.0284	2.3160
7.4843	0.0262	2.3160
7.4752	0.0202	2.3160
7.4869	0.0243	2.3160
7.4929	0.0318	2.3160
7.4946	0.0228	2.3160
7.4965	0.0172	2.3160
7.4856	0.0219	2.3160
7.4825	0.0201	2.3160
7.4863	0.0259	2.3160
7.4835	0.0289	2.3160
7.4829	0.0190	2.3160
7.4863	0.0207	2.3160
7.5009	0.0181	2.3160
7.4969	0.0262	2.3160
7.4868	0.0271	2.3160
7.4792	0.0201	2.3160
7.4852	0.0196	2.3160
7.4839	0.0193	2.3160
7.4805	0.0223	2.3160
7.4848	0.0094	2.3160
7.4704	0.0337	2.3160
7.4888	0.0312	2.3160
7.4850	0.0251	2.3160
7.4911	0.0131	2.3160
7.4858	0.0164	2.3160
7.4819	0.0288	2.3160
7.4970	0.0148	2.3160
7.4987	0.0127	2.3160
7.4870	0.0222	2.3160
7.5033	0.0161	2.3160
7.4923	0.0161	2.3160
7.4773	0.0249	2.3160
7.4872	0.0215	2.3160
7.4728	0.0180	2.3160
7.4877	0.0153	2.3160
7.4803	0.0161	2.3160
7.4887	0.0179	2.3160
7.4910	0.0136	2.3160
7.4900	0.0178	2.3160
7.4917	0.0198	2.3160
7.4905	0.0193	2.3160
7.4928	0.0134	2.3160
7.4770	0.0288	2.3160
7.4737	0.0291	2.3160
7.4871	0.0224	2.3160
7.4790	0.0222	2.3160
7.4904	0.0143	2.3160
7.4935	0.0268	2.3160
7.4965	0.0206	2.3160
7.4861	0.0188	2.3160
7.4804	0.0238	2.3160
7.4815	0.0234	2.3160
7.4880	0.0214	2.3160
7.4880	0.0192	2.3160
7.4879	0.0186	2.3160
7.4795	0.0290	2.3160
7.4874	0.0293	2.3160
7.4860	0.0257	2.3160
7.4819	0.0235	2.3160
7.4802	0.0178	2.3160
7.4828	0.0171	2.3160
7.4748	0.0195	2.3160
7.4821	0.0230	2.3160
7.4946	0.0234	2.3160
7.4757	0.0223	2.3160
7.4855	0.0237	2.3160
7.4892	0.0212	2.3160
7.4849	0.0249	2.3160
7.4859	0.0305	2.3160
7.4863	0.0174	2.3160
7.4820	0.0238	2.3160
7.4782	0.0223	2.3160
7.4872	0.0218	2.3160
7.4872	0.0247	2.3160
7.4874	0.0234	2.3160
7.4829	0.0301	2.3160
7.4876	0.0171	2.3160
7.4859	0.0212	2.3160
7.4729	0.0210	2.3160
7.4809	0.0277	2.3160
7.4868	0.0300	2.3160
7.4889	0.0267	2.3160
7.4731	0.0281	2.3160
7.4875	0.0265	2.3160
7.4879	0.0233	2.3160
7.4767	0.0246	2.3160
7.4816	0.0245	2.3160
7.4875	0.0166	2.3160
7.4713	0.0316	2.3160
7.4750	0.0185	2.3160
7.4759	0.0244	2.3160
7.4897	0.0206	2.3160
7.4771	0.0200	2.3160
7.4808	0.0152	2.3160
7.4825	0.0259	2.3160
7.4771	0.0146	2.3160
7.4751	0.0370	2.3160
7.4678	0.0213	2.3160
7.4760	0.0230	2.3160
7.4886	0.0333	2.3160
7.4723	0.0180	2.3160
7.4771	0.0230	2.3160
7.4785	0.0186	2.3160
7.4881	0.0182	2.3160
7.4869	0.0215	2.3160
7.4765	0.0261	2.3160
7.4774	0.0260	2.3160
7.4810	0.0204	2.3160
7.4688	0.0223	2.3160
7.4776	0.0300	2.3160
7.4717	0.0259	2.3160
7.4732	0.0292	2.3160
7.4880	0.0234	2.3160
7.4712	0.0274	2.3160
7.4890	0.0158	2.3160
7.4636	0.0209	2.3160
7.4669	0.0210	2.3160
7.4841	0.0215	2.3160
7.4855	0.0191	2.3160
7.4828	0.0224	2.3160
7.4699	0.0236	2.3160
7.4849	0.0209	2.3160
7.4933	0.0232	2.3160
7.4822	0.0262	2.3160
7.4798	0.0244	2.3160
7.4722	0.0308	2.3160
7.4847	0.0161	2.3160
7.4737	0.0259	2.3160
7.4903	0.0218	2.3160
7.4833	0.0232	2.3160
7.4582	0.0187	2.3160
7.4745	0.0198	2.3160
7.4885	0.0224	2.3160
7.4785	0.0187	2.3160
7.4851	0.0306	2.3160
7.4848	0.0119	2.3160
7.4887	0.0129	2.3160
7.4758	0.0293	2.3160
7.4824	0.0192	2.3160
7.4850	0.0288	2.3160
7.4676	0.0232	2.3160
7.4737	0.0231	2.3160
7.4814	0.0154	2.3160
7.4817	0.0151	2.3160
7.4775	0.0302	2.3160
7.4691	0.0248	2.3160
7.4593	0.0205	2.3160
7.4779	0.0136	2.3160
7.4751	0.0147	2.3160
7.4864	0.0280	2.3160
7.5132	0.0171	2.3160
7.5159	0.0206	2.3160
7.5117	0.0144	2.3160
7.5047	0.0172	2.3160
7.5035	0.0260	2.3160
7.5032	0.0153	2.3160
7.5236	0.0238	2.3160
7.5153	0.0259	2.3160
7.5173	0.0186	2.3160
7.4968	0.0191	2.3160
7.5011	0.0239	2.3160
7.5196	0.0309	2.3160
7.5221	0.0275	2.3160
7.5323	0.0145	2.3160
7.5248	0.0227	2.3160
7.5152	0.0240	2.3160
7.5107	0.0299	2.3160
7.5124	0.0214	2.3160
7.5255	0.0135	2.3160
7.5179	0.0270	2.3160
7.5276	0.0342	2.3160
7.5243	0.0149	2.3160
7.5265	0.0305	2.3160
7.5364	0.0230	2.3160
7.5400	0.0241	2.3160
7.5257	0.0337	2.3160
7.5250	0.0236	2.3160
7.5298	0.0231	2.3160
7.5292	0.0279	2.3160
7.5375	0.0209	2.3160
7.5300	0.0329	2.3160
7.5229	0.0241	2.3160
7.5421	0.0130	2.3160
7.5305	0.0177	2.3160
7.5144	0.0384	2.3160
7.5359	0.0338	2.3160
7.5288	0.0278	2.3160
7.5216	0.0269	2.3160
7.5453	0.0228	2.3160
7.5301	0.0133	2.3160
7.5325	0.0222	2.3160
7.5380	0.0270	2.3160
7.5518	0.0102	2.3160
7.5457	0.0271	2.3160
7.5491	0.0192	2.3160
7.5439	0.0195	2.3160
7.5317	0.0225	2.3160
