#created automatically by Plunger Feedback Control for Linux (PFCL) 
#date: 26/03/2023 10.52
#order: spg. SD spg
#pc: DESKTOP-G0MI776
#run: 0060
#distcal: distcal_helium_24032023
#sollabstand: 3

7.1116	0.0110	4.1840
7.1186	0.0310	4.1840
7.1128	0.0214	4.1840
7.1191	0.0199	4.1840
7.1124	0.0275	4.1840
7.1301	0.0214	4.1840
7.1264	0.0258	4.1840
7.1073	0.0247	4.1840
7.1061	0.0289	4.1840
7.1144	0.0247	4.1840
7.1084	0.0287	4.1840
7.1061	0.0234	4.1840
7.1177	0.0275	4.1840
7.1057	0.0308	4.1840
7.1127	0.0227	4.1840
7.1128	0.0170	4.1840
7.1325	0.0215	4.1840
7.1237	0.0332	4.1840
7.1247	0.0171	4.1840
7.1124	0.0329	4.1840
7.1139	0.0158	4.1840
7.1255	0.0175	4.1840
7.1364	0.0374	4.1840
7.1220	0.0175	4.1840
7.1286	0.0257	4.1840
7.1279	0.0235	4.1840
7.1191	0.0237	4.1840
7.1392	0.0185	4.1840
7.1313	0.0425	4.1840
7.1288	0.0366	4.1840
7.1222	0.0193	4.1840
7.1432	0.0182	4.1840
7.1421	0.0258	4.1840
7.1322	0.0140	4.1840
7.1399	0.0271	4.1840
7.1187	0.0239	4.1840
7.1258	0.0257	4.1840
7.1250	0.0305	4.1840
7.1236	0.0235	4.1840
7.1397	0.0201	4.1840
7.1407	0.0232	4.1840
7.1273	0.0338	4.1840
7.1353	0.0362	4.1840
7.1344	0.0308	4.1840
7.1359	0.0240	4.1840
7.1414	0.0264	4.1840
7.1307	0.0180	4.1840
7.1242	0.0226	4.1840
7.1305	0.0208	4.1840
7.1165	0.0165	4.1840
7.1193	0.0203	4.1840
7.1263	0.0324	4.1840
7.1222	0.0291	4.1840
7.1317	0.0248	4.1840
7.1406	0.0261	4.1840
7.1364	0.0116	4.1840
7.1197	0.0251	4.1840
7.1243	0.0229	4.1840
7.1385	0.0157	4.1840
7.1320	0.0270	4.1840
7.1263	0.0239	4.1840
7.1226	0.0320	4.1840
7.1307	0.0301	4.1840
7.1270	0.0141	4.1840
7.1108	0.0272	4.1840
7.1202	0.0266	4.1840
7.1173	0.0202	4.1840
7.1290	0.0195	4.1840
7.1293	0.0261	4.1840
7.1308	0.0283	4.1840
7.1357	0.0118	4.1840
7.1087	0.0352	4.1840
7.1337	0.0218	4.1840
7.1330	0.0201	4.1840
7.1220	0.0298	4.1840
7.1357	0.0177	4.1840
7.1352	0.0193	4.1840
7.1105	0.0177	4.1840
7.1163	0.0298	4.1840
7.1290	0.0232	4.1840
7.1216	0.0207	4.1840
7.1136	0.0326	4.1840
7.1396	0.0295	4.1840
7.1370	0.0364	4.1840
7.1320	0.0234	4.1840
7.1311	0.0239	4.1840
7.1231	0.0319	4.1840
7.1209	0.0225	4.1840
7.1301	0.0304	4.1840
7.1246	0.0231	4.1840
7.1263	0.0257	4.1840
7.1323	0.0130	4.1840
7.1242	0.0390	4.1840
7.1304	0.0234	4.1840
7.1408	0.0214	4.1840
7.1395	0.0281	4.1840
7.1395	0.0243	4.1840
7.1362	0.0281	4.1840
7.1247	0.0225	4.1840
7.1200	0.0275	4.1840
7.1445	0.0249	4.1840
7.1250	0.0430	4.1840
7.1276	0.0258	4.1840
7.1266	0.0382	4.1840
7.1435	0.0259	4.1840
7.1368	0.0269	4.1840
7.1343	0.0220	4.1840
7.1441	0.0204	4.1840
7.1136	0.0384	4.1840
7.1201	0.0335	4.1840
7.1339	0.0389	4.1840
7.1295	0.0308	4.1840
7.1214	0.0317	4.1840
7.1296	0.0277	4.1840
7.1186	0.0185	4.1840
7.1152	0.0333	4.1840
7.1303	0.0276	4.1840
7.1117	0.0196	4.1840
7.1269	0.0262	4.1840
7.1269	0.0251	4.1840
7.1224	0.0199	4.1840
7.1277	0.0153	4.1840
7.1138	0.0302	4.1840
7.1268	0.0264	4.1840
7.1156	0.0305	4.1840
7.1218	0.0251	4.1840
7.1307	0.0378	4.1840
7.1080	0.0197	4.1840
7.1330	0.0218	4.1840
7.1295	0.0331	4.1840
7.1149	0.0150	4.1840
7.1208	0.0214	4.1840
7.1191	0.0225	4.1840
7.1234	0.0197	4.1840
7.1222	0.0236	4.1840
7.1297	0.0217	4.1840
7.1316	0.0320	4.1840
7.1421	0.0181	4.1840
7.1385	0.0126	4.1840
7.1478	0.0303	4.1840
7.1371	0.0191	4.1840
7.1214	0.0291	4.1840
7.1442	0.0251	4.1840
7.1435	0.0169	4.1840
7.1275	0.0238	4.1840
7.1390	0.0139	4.1840
7.1345	0.0294	4.1840
7.1357	0.0165	4.1840
7.1269	0.0240	4.1840
7.1345	0.0282	4.1840
7.1296	0.0222	4.1840
7.1252	0.0291	4.1840
7.1353	0.0248	4.1840
7.1165	0.0296	4.1840
7.1312	0.0333	4.1840
7.1230	0.0240	4.1840
7.1202	0.0258	4.1840
7.1402	0.0133	4.1840
7.1280	0.0283	4.1840
7.1442	0.0312	4.1840
7.1311	0.0203	4.1840
7.1433	0.0207	4.1840
7.1429	0.0264	4.1840
7.1385	0.0216	4.1840
7.1439	0.0184	4.1840
7.1381	0.0175	4.1840
7.1306	0.0183	4.1840
7.1488	0.0338	4.1840
7.1346	0.0183	4.1840
7.1298	0.0307	4.1840
7.1351	0.0240	4.1840
7.1256	0.0262	4.1840
7.1382	0.0266	4.1840
7.1330	0.0377	4.1840
7.1381	0.0294	4.1840
7.1374	0.0272	4.1840
7.1434	0.0275	4.1840
7.1323	0.0315	4.1840
7.1327	0.0230	4.1840
7.1265	0.0135	4.1840
7.1231	0.0317	4.1840
7.1254	0.0205	4.1840
7.1267	0.0249	4.1840
7.1330	0.0261	4.1840
7.1333	0.0219	4.1840
7.1288	0.0357	4.1840
7.1335	0.0222	4.1840
7.1200	0.0171	4.1840
7.1377	0.0320	4.1840
7.1302	0.0268	4.1840
7.1246	0.0224	4.1840
7.1302	0.0200	4.1840
7.1356	0.0217	4.1840
7.1257	0.0237	4.1840
7.1315	0.0324	4.1840
7.1203	0.0348	4.1840
7.1330	0.0418	4.1840
7.1461	0.0230	4.1840
7.1333	0.0307	4.1840
7.1306	0.0258	4.1840
7.1330	0.0289	4.1840
7.1171	0.0285	4.1840
7.1231	0.0315	4.1840
7.1360	0.0216	4.1840
7.1309	0.0289	4.1840
7.1305	0.0173	4.1840
7.1281	0.0251	4.1840
7.1322	0.0291	4.1840
7.1258	0.0152	4.1840
7.1191	0.0281	4.1840
7.1257	0.0448	4.1840
7.1304	0.0296	4.1840
7.1238	0.0319	4.1840
7.1307	0.0206	4.1840
7.1329	0.0192	4.1840
7.1210	0.0244	4.1840
7.1229	0.0256	4.1840
7.1317	0.0344	4.1840
7.1294	0.0247	4.1840
7.1144	0.0297	4.1840
7.1413	0.0351	4.1840
7.1360	0.0194	4.1840
7.1266	0.0323	4.1840
7.1397	0.0220	4.1840
7.1402	0.0282	4.1840
7.1267	0.0245	4.1840
7.1288	0.0228	4.1840
7.1260	0.0271	4.1840
7.1355	0.0226	4.1840
7.1249	0.0193	4.1840
7.1351	0.0229	4.1840
7.1417	0.0221	4.1840
7.1208	0.0308	4.1840
7.1257	0.0265	4.1840
7.1283	0.0239	4.1840
7.1320	0.0178	4.1840
7.1267	0.0210	4.1840
7.1174	0.0281	4.1840
7.1332	0.0219	4.1840
7.1121	0.0328	4.1840
7.1201	0.0242	4.1840
7.1243	0.0370	4.1840
7.1206	0.0404	4.1840
7.1273	0.0218	4.1840
7.1389	0.0210	4.1840
7.1271	0.0324	4.1840
7.1195	0.0218	4.1840
7.1360	0.0341	4.1840
7.1325	0.0442	4.1840
7.1111	0.0290	4.1840
7.1348	0.0335	4.1840
7.1273	0.0196	4.1840
7.1172	0.0136	4.1840
7.1407	0.0153	4.1840
7.1130	0.0305	4.1840
7.1291	0.0242	4.1840
7.1343	0.0117	4.1840
7.1250	0.0366	4.1840
7.1344	0.0184	4.1840
7.1299	0.0147	4.1840
7.1256	0.0168	4.1840
7.1295	0.0145	4.1840
7.1217	0.0322	4.1840
7.1292	0.0159	4.1840
7.1319	0.0316	4.1840
7.1299	0.0442	4.1840
7.1276	0.0193	4.1840
7.1378	0.0192	4.1840
7.1399	0.0159	4.1840
7.1196	0.0289	4.1840
7.1325	0.0340	4.1840
7.1218	0.0337	4.1840
7.1284	0.0315	4.1840
7.1412	0.0202	4.1840
7.1285	0.0242	4.1840
7.1309	0.0168	4.1840
7.1169	0.0252	4.1840
7.1183	0.0269	4.1840
7.1271	0.0271	4.1840
7.1321	0.0229	4.1840
7.1352	0.0217	4.1840
7.1368	0.0195	4.1840
7.1343	0.0141	4.1840
7.1426	0.0194	4.1840
7.1204	0.0396	4.1840
7.1206	0.0227	4.1840
7.1254	0.0320	4.1840
7.1240	0.0245	4.1840
7.1233	0.0340	4.1840
7.1258	0.0222	4.1840
7.1323	0.0312	4.1840
7.1404	0.0295	4.1840
7.1183	0.0182	4.1840
7.1259	0.0256	4.1840
7.1260	0.0194	4.1840
7.1232	0.0286	4.1840
7.1236	0.0259	4.1840
7.1358	0.0278	4.1840
7.1347	0.0195	4.1840
7.1371	0.0256	4.1840
7.1244	0.0272	4.1840
7.1298	0.0217	4.1840
7.1258	0.0178	4.1840
7.1415	0.0203	4.1840
7.1331	0.0333	4.1840
7.1300	0.0197	4.1840
7.1468	0.0125	4.1840
7.1304	0.0290	4.1840
7.1422	0.0252	4.1840
7.1187	0.0233	4.1840
7.1315	0.0296	4.1840
7.1349	0.0134	4.1840
7.1290	0.0338	4.1840
7.1427	0.0141	4.1840
7.1387	0.0201	4.1840
7.1237	0.0226	4.1840
7.1463	0.0238	4.1840
7.1450	0.0295	4.1840
7.1520	0.0190	4.1840
7.1462	0.0341	4.1840
7.1462	0.0208	4.1840
7.1327	0.0356	4.1840
7.1383	0.0328	4.1840
7.1326	0.0312	4.1840
7.1353	0.0301	4.1840
7.1463	0.0296	4.1840
7.1312	0.0137	4.1840
7.1325	0.0264	4.1840
7.1449	0.0247	4.1840
7.1393	0.0193	4.1840
7.1408	0.0234	4.1840
7.1272	0.0194	4.1840
7.1309	0.0299	4.1840
7.1407	0.0178	4.1840
7.1385	0.0198	4.1840
7.1482	0.0189	4.1840
7.1269	0.0315	4.1840
7.1358	0.0241	4.1840
7.1262	0.0271	4.1840
7.1287	0.0247	4.1840
7.1313	0.0363	4.1840
7.1416	0.0218	4.1840
7.1417	0.0297	4.1840
7.1427	0.0212	4.1840
7.1396	0.0181	4.1840
7.1414	0.0249	4.1840
7.1261	0.0287	4.1840
7.1338	0.0124	4.1840
7.1352	0.0203	4.1840
7.1231	0.0306	4.1840
7.1367	0.0188	4.1840
7.1440	0.0325	4.1840
7.1437	0.0251	4.1840
7.1330	0.0267	4.1840
7.1318	0.0244	4.1840
7.1377	0.0176	4.1840
7.1497	0.0137	4.1840
7.1551	0.0316	4.1840
7.1478	0.0318	4.1840
7.1539	0.0313	4.1840
7.1292	0.0301	4.1840
7.1544	0.0154	4.1840
7.1356	0.0201	4.1840
7.1364	0.0365	4.1840
7.1391	0.0333	4.1840
7.1326	0.0164	4.1840
7.1328	0.0192	4.1840
7.1302	0.0141	4.1840
7.1491	0.0221	4.1840
7.1341	0.0308	4.1840
7.1506	0.0312	4.1840
7.1335	0.0198	4.1840
7.1400	0.0176	4.1840
7.1509	0.0185	4.1840
7.1451	0.0195	4.1840
7.1583	0.0138	4.1840
7.1549	0.0251	4.1840
7.1524	0.0295	4.1840
7.1433	0.0178	4.1840
7.1414	0.0274	4.1840
7.1412	0.0437	4.1840
7.1363	0.0229	4.1840
7.1503	0.0158	4.1840
7.1338	0.0312	4.1840
7.1415	0.0314	4.1840
7.1416	0.0265	4.1840
7.1547	0.0289	4.1840
7.1391	0.0213	4.1840
7.1398	0.0225	4.1840
7.1330	0.0324	4.1840
7.1550	0.0236	4.1840
7.1532	0.0228	4.1840
7.1389	0.0270	4.1840
7.1370	0.0189	4.1840
7.1460	0.0342	4.1840
7.1356	0.0362	4.1840
7.1555	0.0260	4.1840
7.1476	0.0244	4.1840
7.1326	0.0309	4.1840
7.1316	0.0246	4.1840
7.1432	0.0170	4.1840
7.1473	0.0267	4.1840
7.1454	0.0243	4.1840
7.1495	0.0341	4.1840
7.1393	0.0383	4.1840
7.1305	0.0201	4.1840
7.1249	0.0370	4.1840
7.1333	0.0246	4.1840
7.1243	0.0334	4.1840
7.1526	0.0285	4.1840
7.1337	0.0177	4.1840
7.1385	0.0278	4.1840
7.1594	0.0222	4.1840
7.1526	0.0239	4.1840
7.1583	0.0200	4.1840
7.1446	0.0274	4.1840
7.1364	0.0422	4.1840
7.1508	0.0182	4.1840
7.1419	0.0217	4.1840
7.1450	0.0324	4.1840
7.1400	0.0170	4.1840
7.1348	0.0198	4.1840
7.1421	0.0325	4.1840
7.1479	0.0304	4.1840
7.1472	0.0184	4.1840
7.1351	0.0269	4.1840
7.1542	0.0174	4.1840
7.1485	0.0291	4.1840
7.1448	0.0280	4.1840
7.1462	0.0171	4.1840
7.1255	0.0312	4.1840
7.1474	0.0197	4.1840
7.1466	0.0148	4.1840
7.1475	0.0270	4.1840
7.1518	0.0318	4.1840
7.1394	0.0108	4.1840
7.1430	0.0217	4.1840
7.1377	0.0221	4.1840
7.1377	0.0297	4.1840
7.1474	0.0342	4.1840
7.1450	0.0176	4.1840
7.1466	0.0279	4.1840
7.1489	0.0344	4.1840
7.1394	0.0285	4.1840
7.1477	0.0160	4.1840
7.1371	0.0319	4.1840
7.1542	0.0170	4.1840
7.1444	0.0234	4.1840
7.1522	0.0202	4.1840
7.1470	0.0233	4.1840
7.1385	0.0284	4.1840
7.1420	0.0280	4.1840
7.1361	0.0172	4.1840
7.1553	0.0300	4.1840
7.1348	0.0189	4.1840
7.1242	0.0158	4.1840
7.1411	0.0212	4.1840
7.1443	0.0345	4.1840
7.1431	0.0308	4.1840
7.1420	0.0245	4.1840
7.1470	0.0321	4.1840
7.1523	0.0286	4.1840
7.1485	0.0226	4.1840
7.1404	0.0298	4.1840
7.1501	0.0223	4.1840
7.1374	0.0334	4.1840
7.1461	0.0284	4.1840
7.1526	0.0162	4.1840
7.1455	0.0276	4.1840
7.1419	0.0124	4.1840
7.1387	0.0180	4.1840
7.1362	0.0249	4.1840
7.1334	0.0172	4.1840
7.1406	0.0319	4.1840
7.1231	0.0297	4.1840
7.1277	0.0421	4.1840
7.1395	0.0176	4.1840
7.1451	0.0194	4.1840
7.1401	0.0277	4.1840
7.1345	0.0232	4.1840
7.1322	0.0345	4.1840
7.1460	0.0223	4.1840
7.1247	0.0169	4.1840
7.1471	0.0185	4.1840
7.1487	0.0237	4.1840
7.1477	0.0183	4.1840
7.1440	0.0199	4.1840
7.1403	0.0306	4.1840
7.1352	0.0170	4.1840
7.1221	0.0294	4.1840
7.1351	0.0344	4.1840
7.1332	0.0296	4.1840
7.1359	0.0342	4.1840
7.1529	0.0141	4.1840
7.1434	0.0234	4.1840
7.1456	0.0350	4.1840
7.1426	0.0176	4.1840
7.1550	0.0266	4.1840
7.1197	0.0154	4.1840
7.1360	0.0272	4.1840
7.1354	0.0180	4.1840
7.1414	0.0333	4.1840
7.1285	0.0215	4.1840
7.1363	0.0248	4.1840
7.1380	0.0327	4.1840
7.1276	0.0338	4.1840
7.1354	0.0271	4.1840
7.1320	0.0218	4.1840
7.1361	0.0317	4.1840
7.1393	0.0191	4.1840
7.1443	0.0214	4.1840
7.1296	0.0184	4.1840
7.1390	0.0223	4.1840
7.1387	0.0288	4.1840
7.1391	0.0287	4.1840
7.1399	0.0247	4.1840
7.1307	0.0259	4.1840
7.1186	0.0199	4.1840
7.1447	0.0208	4.1840
7.1262	0.0356	4.1840
7.1491	0.0161	4.1840
7.1259	0.0333	4.1840
7.1357	0.0224	4.1840
7.1370	0.0259	4.1840
7.1495	0.0259	4.1840
7.1343	0.0348	4.1840
7.1491	0.0260	4.1840
7.1486	0.0127	4.1840
7.1435	0.0204	4.1840
7.1468	0.0189	4.1840
7.1440	0.0255	4.1840
7.1511	0.0129	4.1840
7.1424	0.0178	4.1840
7.1613	0.0183	4.1840
7.1422	0.0163	4.1840
7.1462	0.0240	4.1840
7.1499	0.0274	4.1840
7.1623	0.0297	4.1840
7.1411	0.0146	4.1840
7.1541	0.0238	4.1840
7.1489	0.0250	4.1840
7.1481	0.0222	4.1840
7.1576	0.0258	4.1840
7.1440	0.0228	4.1840
7.1512	0.0214	4.1840
7.1290	0.0308	4.1840
7.1312	0.0301	4.1840
7.1445	0.0235	4.1840
7.1561	0.0228	4.1840
7.1473	0.0228	4.1840
7.1385	0.0300	4.1840
7.1469	0.0327	4.1840
7.1371	0.0196	4.1840
7.1453	0.0262	4.1840
7.1311	0.0234	4.1840
7.1462	0.0226	4.1840
7.1476	0.0216	4.1840
7.1491	0.0347	4.1840
7.1337	0.0195	4.1840
7.1402	0.0274	4.1840
7.1506	0.0251	4.1840
7.1450	0.0269	4.1840
7.1389	0.0319	4.1840
7.1600	0.0215	4.1840
7.1426	0.0151	4.1840
7.1645	0.0134	4.1840
7.1549	0.0221	4.1840
7.1455	0.0128	4.1840
7.1361	0.0247	4.1840
7.1254	0.0234	4.1840
7.1618	0.0187	4.1840
7.1543	0.0265	4.1840
7.1607	0.0350	4.1840
7.1262	0.0230	4.1840
7.1469	0.0240	4.1840
7.1514	0.0177	4.1840
7.1518	0.0192	4.1840
7.1502	0.0248	4.1840
7.1514	0.0173	4.1840
7.1500	0.0331	4.1840
7.1475	0.0298	4.1840
7.1475	0.0147	4.1840
7.1432	0.0244	4.1840
7.1614	0.0125	4.1840
7.1388	0.0342	4.1840
7.1528	0.0294	4.1840
7.1481	0.0133	4.1840
7.1381	0.0356	4.1840
7.1490	0.0259	4.1840
7.1310	0.0300	4.1840
7.1529	0.0117	4.1840
7.1470	0.0184	4.1840
7.1306	0.0312	4.1840
7.1456	0.0236	4.1840
7.1392	0.0241	4.1840
7.1303	0.0259	4.1840
7.1361	0.0229	4.1840
7.1379	0.0253	4.1840
7.1313	0.0391	4.1840
7.1467	0.0146	4.1840
7.1391	0.0286	4.1840
7.1341	0.0322	4.1840
7.1476	0.0163	4.1840
7.1359	0.0201	4.1840
7.1377	0.0172	4.1840
7.1281	0.0215	4.1840
7.1411	0.0243	4.1840
7.1409	0.0182	4.1840
7.1239	0.0229	4.1840
7.1357	0.0261	4.1840
7.1349	0.0223	4.1840
7.1377	0.0202	4.1840
7.1279	0.0188	4.1840
7.1347	0.0176	4.1840
7.1369	0.0332	4.1840
7.1438	0.0200	4.1840
7.1390	0.0278	4.1840
7.1350	0.0186	4.1840
7.1369	0.0229	4.1840
7.1373	0.0311	4.1840
7.1526	0.0244	4.1840
7.1225	0.0330	4.1840
7.1361	0.0461	4.1840
7.1417	0.0286	4.1840
7.1448	0.0209	4.1840
7.1420	0.0344	4.1840
7.1389	0.0164	4.1840
7.1374	0.0272	4.1840
7.1466	0.0161	4.1840
7.1376	0.0176	4.1840
7.1294	0.0261	4.1840
7.1431	0.0159	4.1840
7.1342	0.0256	4.1840
7.1443	0.0288	4.1840
7.1317	0.0157	4.1840
7.1364	0.0220	4.1840
7.1452	0.0264	4.1840
7.1255	0.0226	4.1840
7.1394	0.0299	4.1840
7.1409	0.0188	4.1840
7.1385	0.0374	4.1840
7.1380	0.0100	4.1840
7.1202	0.0380	4.1840
7.1441	0.0251	4.1840
7.1264	0.0191	4.1840
7.1317	0.0288	4.1840
7.1335	0.0181	4.1840
7.1290	0.0252	4.1840
7.1432	0.0238	4.1840
7.1362	0.0295	4.1840
7.1395	0.0226	4.1840
7.1524	0.0168	4.1840
7.1366	0.0139	4.1840
7.1460	0.0320	4.1840
7.1368	0.0196	4.1840
7.1317	0.0333	4.1840
7.1525	0.0150	4.1840
7.1215	0.0238	4.1840
7.1387	0.0240	4.1840
7.1487	0.0203	4.1840
7.1400	0.0354	4.1840
7.1380	0.0180	4.1840
7.1355	0.0333	4.1840
7.1450	0.0282	4.1840
7.1446	0.0290	4.1840
7.1514	0.0216	4.1840
7.1429	0.0258	4.1840
7.1300	0.0151	4.1840
7.1336	0.0301	4.1840
7.1306	0.0326	4.1840
7.1550	0.0269	4.1840
7.1303	0.0215	4.1840
7.1284	0.0187	4.1840
7.1384	0.0208	4.1840
7.1368	0.0359	4.1840
7.1321	0.0357	4.1840
7.1371	0.0148	4.1840
7.1333	0.0228	4.1840
7.1412	0.0291	4.1840
7.1427	0.0217	4.1840
7.1382	0.0248	4.1840
7.1475	0.0174	4.1840
7.1442	0.0285	4.1840
7.1308	0.0263	4.1840
7.1506	0.0167	4.1840
7.1466	0.0131	4.1840
7.1282	0.0185	4.1840
7.1441	0.0284	4.1840
7.1447	0.0253	4.1840
7.1414	0.0360	4.1840
7.1378	0.0250	4.1840
7.1467	0.0224	4.1840
7.1423	0.0182	4.1840
7.1302	0.0256	4.1840
7.1479	0.0145	4.1840
7.1475	0.0188	4.1840
7.1502	0.0216	4.1840
7.1325	0.0189	4.1840
7.1535	0.0234	4.1840
7.1517	0.0154	4.1840
7.1352	0.0175	4.1840
7.1349	0.0271	4.1840
7.1308	0.0252	4.1840
7.1446	0.0248	4.1840
7.1449	0.0268	4.1840
7.1389	0.0189	4.1840
7.1413	0.0196	4.1840
7.1502	0.0170	4.1840
7.1364	0.0151	4.1840
7.1423	0.0226	4.1840
7.1469	0.0281	4.1840
7.1319	0.0165	4.1840
7.1396	0.0271	4.1840
7.1339	0.0192	4.1840
7.1437	0.0278	4.1840
7.1407	0.0158	4.1840
7.1269	0.0267	4.1840
7.1355	0.0228	4.1840
7.1400	0.0220	4.1840
7.1357	0.0197	4.1840
7.1378	0.0186	4.1840
7.1415	0.0156	4.1840
7.1359	0.0221	4.1840
7.1326	0.0248	4.1840
7.1337	0.0290	4.1840
7.1396	0.0361	4.1840
7.1336	0.0256	4.1840
7.1422	0.0240	4.1840
7.1404	0.0192	4.1840
7.1431	0.0208	4.1840
7.1392	0.0158	4.1840
7.1162	0.0354	4.1840
7.1358	0.0281	4.1840
7.1482	0.0203	4.1840
7.1336	0.0257	4.1840
7.1176	0.0191	4.1840
7.1385	0.0212	4.1840
7.1263	0.0329	4.1840
7.1340	0.0239	4.1840
7.1348	0.0329	4.1840
7.1368	0.0237	4.1840
7.1461	0.0185	4.1840
7.1352	0.0198	4.1840
7.1317	0.0209	4.1840
7.1440	0.0228	4.1840
7.1315	0.0274	4.1840
7.1307	0.0320	4.1840
7.1346	0.0182	4.1840
7.1493	0.0209	4.1840
7.1367	0.0241	4.1840
7.1283	0.0288	4.1840
7.1518	0.0225	4.1840
7.1240	0.0292	4.1840
7.1405	0.0225	4.1840
7.1291	0.0300	4.1840
7.1485	0.0210	4.1840
7.1360	0.0192	4.1840
7.1385	0.0254	4.1840
7.1451	0.0360	4.1840
7.1303	0.0258	4.1840
7.1256	0.0271	4.1840
7.1471	0.0189	4.1840
7.1382	0.0247	4.1840
7.1335	0.0239	4.1840
7.1351	0.0117	4.1840
7.1416	0.0269	4.1840
7.1295	0.0231	4.1840
7.1291	0.0343	4.1840
7.1371	0.0186	4.1840
7.1189	0.0249	4.1840
7.1421	0.0192	4.1840
7.1306	0.0247	4.1840
7.1351	0.0280	4.1840
7.1381	0.0240	4.1840
7.1398	0.0271	4.1840
7.1320	0.0240	4.1840
7.1204	0.0246	4.1840
7.1379	0.0269	4.1840
7.1208	0.0377	4.1840
7.1382	0.0248	4.1840
7.1302	0.0248	4.1840
7.1410	0.0218	4.1840
7.1457	0.0165	4.1840
7.1236	0.0369	4.1840
7.1305	0.0222	4.1840
7.1263	0.0196	4.1840
7.1364	0.0162	4.1840
7.1456	0.0252	4.1840
7.1571	0.0125	4.1840
7.1414	0.0186	4.1840
7.1329	0.0364	4.1840
7.1403	0.0195	4.1840
7.1388	0.0173	4.1840
7.1374	0.0165	4.1840
7.1450	0.0177	4.1840
7.1459	0.0190	4.1840
7.1446	0.0183	4.1840
7.1222	0.0253	4.1840
7.1362	0.0101	4.1840
7.1371	0.0240	4.1840
7.1255	0.0241	4.1840
7.1350	0.0203	4.1840
7.1398	0.0277	4.1840
7.1459	0.0143	4.1840
7.1341	0.0313	4.1840
7.1531	0.0218	4.1840
7.1305	0.0210	4.1840
7.1388	0.0175	4.1840
7.1445	0.0140	4.1840
7.1312	0.0155	4.1840
7.1407	0.0229	4.1840
7.1290	0.0321	4.1840
7.1441	0.0258	4.1840
7.1409	0.0222	4.1840
7.1344	0.0324	4.1840
7.1445	0.0224	4.1840
7.1526	0.0208	4.1840
7.1358	0.0213	4.1840
7.1315	0.0270	4.1840
7.1265	0.0267	4.1840
7.1396	0.0272	4.1840
7.1378	0.0082	4.1840
7.1428	0.0335	4.1840
7.1439	0.0271	4.1840
7.1300	0.0142	4.1840
7.1337	0.0320	4.1840
7.1386	0.0263	4.1840
7.1391	0.0212	4.1840
7.1366	0.0256	4.1840
7.1164	0.0159	4.1840
7.1426	0.0279	4.1840
7.1469	0.0211	4.1840
7.1439	0.0197	4.1840
7.1275	0.0279	4.1840
7.1370	0.0252	4.1840
7.1307	0.0219	4.1840
7.1285	0.0253	4.1840
7.1511	0.0197	4.1840
7.1429	0.0267	4.1840
7.1320	0.0208	4.1840
7.1367	0.0214	4.1840
7.1284	0.0233	4.1840
7.1431	0.0153	4.1840
7.1473	0.0196	4.1840
7.1400	0.0270	4.1840
7.1415	0.0201	4.1840
7.1477	0.0116	4.1840
7.1395	0.0232	4.1840
7.1469	0.0238	4.1840
7.1446	0.0304	4.1840
7.1366	0.0341	4.1840
7.1304	0.0301	4.1840
7.1403	0.0270	4.1840
7.1466	0.0233	4.1840
7.1372	0.0129	4.1840
7.1483	0.0164	4.1840
7.1476	0.0218	4.1840
7.1337	0.0316	4.1840
7.1376	0.0338	4.1840
7.1546	0.0271	4.1840
7.1504	0.0221	4.1840
7.1314	0.0331	4.1840
7.1476	0.0255	4.1840
7.1476	0.0186	4.1840
7.1343	0.0310	4.1840
7.1518	0.0273	4.1840
7.1492	0.0340	4.1840
7.1466	0.0270	4.1840
7.1478	0.0140	4.1840
7.1464	0.0126	4.1840
7.1442	0.0240	4.1840
7.1422	0.0361	4.1840
7.1583	0.0277	4.1840
7.1618	0.0211	4.1840
7.1420	0.0354	4.1840
7.1453	0.0298	4.1840
7.1427	0.0161	4.1840
7.1528	0.0171	4.1840
7.1429	0.0255	4.1840
7.1465	0.0298	4.1840
7.1439	0.0220	4.1840
7.1496	0.0286	4.1840
7.1493	0.0215	4.1840
7.1328	0.0192	4.1840
7.1430	0.0226	4.1840
7.1608	0.0151	4.1840
7.1451	0.0341	4.1840
7.1489	0.0178	4.1840
7.1475	0.0222	4.1840
7.1417	0.0286	4.1840
7.1468	0.0154	4.1840
7.1411	0.0209	4.1840
7.1384	0.0182	4.1840
7.1528	0.0212	4.1840
7.1564	0.0224	4.1840
7.1564	0.0223	4.1840
7.1454	0.0220	4.1840
7.1608	0.0241	4.1840
7.1526	0.0318	4.1840
7.1502	0.0195	4.1840
7.1275	0.0278	4.1840
7.1405	0.0275	4.1840
7.1448	0.0238	4.1840
7.1616	0.0265	4.1840
7.1437	0.0193	4.1840
7.1414	0.0272	4.1840
7.1557	0.0130	4.1840
7.1458	0.0322	4.1840
7.1550	0.0136	4.1840
7.1536	0.0150	4.1840
7.1587	0.0203	4.1840
7.1482	0.0139	4.1840
7.1377	0.0187	4.1840
7.1567	0.0225	4.1840
7.1423	0.0200	4.1840
7.1409	0.0289	4.1840
7.1503	0.0240	4.1840
7.1568	0.0239	4.1840
7.1398	0.0118	4.1840
7.1356	0.0243	4.1840
7.1532	0.0187	4.1840
7.1484	0.0309	4.1840
7.1423	0.0194	4.1840
7.1505	0.0235	4.1840
7.1547	0.0228	4.1840
7.1382	0.0249	4.1840
7.1380	0.0210	4.1840
7.1448	0.0237	4.1840
7.1547	0.0288	4.1840
7.1611	0.0200	4.1840
7.1587	0.0294	4.1840
7.1570	0.0157	4.1840
7.1508	0.0357	4.1840
7.1478	0.0176	4.1840
7.1577	0.0243	4.1840
7.1497	0.0211	4.1840
7.1462	0.0237	4.1840
7.1593	0.0186	4.1840
7.1612	0.0334	4.1840
7.1476	0.0184	4.1840
7.1579	0.0201	4.1840
7.1464	0.0327	4.1840
7.1518	0.0278	4.1840
7.1398	0.0206	4.1840
7.1529	0.0234	4.1840
7.1358	0.0269	4.1840
7.1394	0.0244	4.1840
7.1494	0.0256	4.1840
7.1432	0.0337	4.1840
7.1390	0.0188	4.1840
7.1473	0.0190	4.1840
7.1370	0.0338	4.1840
7.1329	0.0231	4.1840
7.1377	0.0262	4.1840
7.1456	0.0279	4.1840
7.1512	0.0152	4.1840
7.1593	0.0225	4.1840
7.1279	0.0147	4.1840
7.1393	0.0198	4.1840
7.1368	0.0224	4.1840
7.1594	0.0198	4.1840
7.1540	0.0153	4.1840
7.1638	0.0265	4.1840
7.1435	0.0273	4.1840
7.1580	0.0124	4.1840
7.1405	0.0166	4.1840
7.1527	0.0305	4.1840
7.1598	0.0206	4.1840
7.1570	0.0300	4.1840
7.1535	0.0421	4.1840
7.1541	0.0174	4.1840
7.1460	0.0169	4.1840
7.1451	0.0248	4.1840
7.1449	0.0139	4.1840
7.1516	0.0263	4.1840
7.1506	0.0227	4.1840
7.1606	0.0291	4.1840
7.1538	0.0272	4.1840
7.1552	0.0350	4.1840
7.1569	0.0124	4.1840
7.1395	0.0283	4.1840
7.1509	0.0306	4.1840
7.1654	0.0226	4.1840
7.1572	0.0317	4.1840
7.1519	0.0119	4.1840
7.1494	0.0196	4.1840
7.1431	0.0190	4.1840
7.1555	0.0167	4.1840
7.1599	0.0267	4.1840
7.1624	0.0206	4.1840
7.1420	0.0300	4.1840
7.1573	0.0224	4.1840
7.1582	0.0232	4.1840
7.1545	0.0276	4.1840
7.1422	0.0273	4.1840
7.1600	0.0198	4.1840
7.1565	0.0288	4.1840
7.1494	0.0283	4.1840
7.1503	0.0436	4.1840
7.1684	0.0153	4.1840
7.1419	0.0265	4.1840
7.1550	0.0273	4.1840
7.1527	0.0192	4.1840
7.1532	0.0240	4.1840
7.1551	0.0188	4.1840
7.1552	0.0450	4.1840
7.1572	0.0177	4.1840
7.1591	0.0251	4.1840
7.1583	0.0211	4.1840
7.1620	0.0152	4.1840
7.1343	0.0180	4.1840
7.1634	0.0098	4.1840
7.1607	0.0159	4.1840
7.1579	0.0387	4.1840
7.1662	0.0173	4.1840
7.1605	0.0230	4.1840
7.1475	0.0394	4.1840
7.1597	0.0197	4.1840
7.1597	0.0250	4.1840
7.1509	0.0204	4.1840
7.1406	0.0266	4.1840
7.1634	0.0224	4.1840
7.1491	0.0301	4.1840
7.1568	0.0210	4.1840
7.1551	0.0189	4.1840
7.1429	0.0182	4.1840
7.1441	0.0153	4.1840
7.1606	0.0237	4.1840
7.1594	0.0281	4.1840
7.1593	0.0137	4.1840
7.1664	0.0213	4.1840
7.1446	0.0247	4.1840
7.1585	0.0168	4.1840
7.1576	0.0145	4.1840
7.1548	0.0212	4.1840
7.1585	0.0205	4.1840
7.1699	0.0206	4.1840
7.1637	0.0175	4.1840
7.1492	0.0222	4.1840
7.1403	0.0239	4.1840
7.1534	0.0185	4.1840
7.1439	0.0213	4.1840
7.1535	0.0203	4.1840
7.1395	0.0214	4.1840
7.1461	0.0166	4.1840
7.1382	0.0280	4.1840
7.1446	0.0302	4.1840
7.1545	0.0277	4.1840
7.1692	0.0240	4.1840
7.1624	0.0329	4.1840
7.1529	0.0208	4.1840
7.1379	0.0216	4.1840
7.1438	0.0171	4.1840
7.1517	0.0154	4.1840
7.1545	0.0190	4.1840
7.1562	0.0154	4.1840
7.1693	0.0235	4.1840
7.1483	0.0158	4.1840
7.1406	0.0269	4.1840
7.1633	0.0111	4.1840
7.1617	0.0121	4.1840
7.1440	0.0336	4.1840
7.1556	0.0195	4.1840
7.1450	0.0313	4.1840
7.1562	0.0339	4.1840
7.1627	0.0200	4.1840
7.1693	0.0338	4.1840
7.1504	0.0119	4.1840
7.1630	0.0179	4.1840
7.1465	0.0374	4.1840
7.1537	0.0336	4.1840
7.1546	0.0388	4.1840
7.1377	0.0333	4.1840
7.1590	0.0147	4.1840
7.1574	0.0301	4.1840
7.1539	0.0289	4.1840
7.1619	0.0198	4.1840
7.1514	0.0137	4.1840
7.1584	0.0274	4.1840
7.1519	0.0180	4.1840
7.1497	0.0257	4.1840
7.1626	0.0152	4.1840
7.1619	0.0297	4.1840
7.1507	0.0274	4.1840
7.1523	0.0188	4.1840
7.1550	0.0162	4.1840
7.1555	0.0269	4.1840
7.1549	0.0200	4.1840
7.1551	0.0210	4.1840
7.1477	0.0318	4.1840
7.1518	0.0191	4.1840
7.1433	0.0267	4.1840
7.1525	0.0252	4.1840
7.1509	0.0189	4.1840
7.1504	0.0239	4.1840
7.1537	0.0209	4.1840
7.1558	0.0147	4.1840
7.1632	0.0167	4.1840
7.1542	0.0254	4.1840
7.1635	0.0158	4.1840
7.1600	0.0273	4.1840
7.1522	0.0252	4.1840
7.1405	0.0216	4.1840
7.1581	0.0186	4.1840
7.1571	0.0261	4.1840
7.1574	0.0160	4.1840
7.1446	0.0188	4.1840
7.1405	0.0275	4.1840
7.1535	0.0163	4.1840
7.1434	0.0206	4.1840
7.1521	0.0369	4.1840
7.1566	0.0189	4.1840
7.1644	0.0153	4.1840
7.1425	0.0262	4.1840
7.1475	0.0181	4.1840
7.1434	0.0252	4.1840
7.1425	0.0283	4.1840
7.1200	0.0200	4.1840
7.1346	0.0276	4.1840
7.1320	0.0219	4.1840
7.1509	0.0236	4.1840
7.1415	0.0256	4.1840
7.1449	0.0216	4.1840
7.1380	0.0179	4.1840
7.1468	0.0252	4.1840
7.1530	0.0293	4.1840
7.1414	0.0254	4.1840
7.1470	0.0207	4.1840
7.1320	0.0326	4.1840
7.1459	0.0346	4.1840
7.1447	0.0277	4.1840
7.1592	0.0114	4.1840
7.1403	0.0380	4.1840
7.1450	0.0233	4.1840
7.1528	0.0131	4.1840
7.1424	0.0286	4.1840
7.1491	0.0304	4.1840
7.1377	0.0261	4.1840
7.1433	0.0273	4.1840
7.1592	0.0200	4.1840
7.1399	0.0240	4.1840
7.1572	0.0207	4.1840
7.1464	0.0165	4.1840
7.1352	0.0314	4.1840
7.1505	0.0212	4.1840
7.1436	0.0153	4.1840
7.1435	0.0354	4.1840
7.1542	0.0137	4.1840
7.1582	0.0194	4.1840
7.1655	0.0171	4.1840
7.1454	0.0200	4.1840
7.1595	0.0116	4.1840
7.1520	0.0269	4.1840
7.1392	0.0204	4.1840
7.1527	0.0297	4.1840
7.1644	0.0212	4.1840
7.1376	0.0162	4.1840
7.1582	0.0346	4.1840
7.1497	0.0257	4.1840
7.1465	0.0289	4.1840
7.1500	0.0245	4.1840
7.1669	0.0166	4.1840
7.1621	0.0258	4.1840
7.1548	0.0233	4.1840
7.1685	0.0247	4.1840
7.1604	0.0191	4.1840
7.1597	0.0166	4.1840
7.1681	0.0254	4.1840
7.1573	0.0256	4.1840
7.1753	0.0180	4.1840
7.1459	0.0155	4.1840
7.1560	0.0250	4.1840
7.1550	0.0240	4.1840
7.1607	0.0201	4.1840
7.1723	0.0153	4.1840
7.1479	0.0246	4.1840
7.1653	0.0259	4.1840
7.1598	0.0161	4.1840
7.1567	0.0202	4.1840
7.1569	0.0282	4.1840
7.1553	0.0236	4.1840
7.1595	0.0224	4.1840
7.1598	0.0223	4.1840
7.1545	0.0231	4.1840
7.1595	0.0122	4.1840
7.1573	0.0353	4.1840
7.1653	0.0279	4.1840
7.1482	0.0233	4.1840
7.1426	0.0279	4.1840
7.1609	0.0247	4.1840
7.1557	0.0266	4.1840
7.1452	0.0308	4.1840
7.1458	0.0199	4.1840
7.1461	0.0218	4.1840
7.1597	0.0101	4.1840
7.1532	0.0149	4.1840
7.1598	0.0134	4.1840
7.1477	0.0154	4.1840
7.1533	0.0116	4.1840
7.1635	0.0232	4.1840
7.1505	0.0213	4.1840
7.1580	0.0173	4.1840
7.1668	0.0168	4.1840
7.1501	0.0250	4.1840
7.1501	0.0216	4.1840
7.1501	0.0188	4.1840
7.1502	0.0192	4.1840
7.1559	0.0157	4.1840
7.1599	0.0185	4.1840
7.1646	0.0220	4.1840
7.1565	0.0265	4.1840
7.1651	0.0160	4.1840
7.1508	0.0243	4.1840
7.1525	0.0147	4.1840
7.1666	0.0208	4.1840
7.1568	0.0221	4.1840
7.1684	0.0191	4.1840
7.1567	0.0275	4.1840
7.1647	0.0176	4.1840
7.1693	0.0171	4.1840
7.1617	0.0209	4.1840
7.1532	0.0242	4.1840
7.1484	0.0183	4.1840
7.1486	0.0322	4.1840
7.1739	0.0197	4.1840
7.1517	0.0242	4.1840
7.1770	0.0201	4.1840
7.1661	0.0308	4.1840
7.1623	0.0219	4.1840
7.1613	0.0337	4.1840
7.1628	0.0263	4.1840
7.1784	0.0236	4.1840
7.1814	0.0231	4.1840
7.1822	0.0198	4.1840
7.1635	0.0281	4.1840
7.1578	0.0192	4.1840
7.1711	0.0145	4.1840
7.1620	0.0228	4.1840
7.1635	0.0282	4.1840
7.1678	0.0162	4.1840
7.1738	0.0218	4.1840
7.1713	0.0128	4.1840
7.1581	0.0172	4.1840
7.1716	0.0223	4.1840
7.1750	0.0286	4.1840
7.1593	0.0262	4.1840
7.1714	0.0243	4.1840
7.1655	0.0190	4.1840
7.1571	0.0230	4.1840
7.1773	0.0148	4.1840
7.1694	0.0242	4.1840
7.1709	0.0258	4.1840
7.1605	0.0232	4.1840
7.1618	0.0300	4.1840
7.1849	0.0238	4.1840
7.1699	0.0194	4.1840
7.1581	0.0242	4.1840
7.1766	0.0208	4.1840
7.1685	0.0291	4.1840
7.1631	0.0327	4.1840
7.1781	0.0180	4.1840
7.1718	0.0197	4.1840
7.1676	0.0178	4.1840
7.1803	0.0199	4.1840
7.1776	0.0197	4.1840
7.1617	0.0229	4.1840
7.1721	0.0229	4.1840
7.1817	0.0155	4.1840
7.1666	0.0356	4.1840
7.1814	0.0192	4.1840
7.1884	0.0194	4.1840
7.1745	0.0305	4.1840
7.1824	0.0216	4.1840
7.1709	0.0250	4.1840
7.1729	0.0226	4.1840
7.1795	0.0122	4.1840
7.1667	0.0180	4.1840
7.1802	0.0228	4.1840
7.1673	0.0255	4.1840
7.1672	0.0368	4.1840
7.1810	0.0152	4.1840
7.1698	0.0303	4.1840
7.1815	0.0283	4.1840
7.1660	0.0062	4.1840
7.1616	0.0193	4.1840
7.1726	0.0320	4.1840
7.1716	0.0203	4.1840
7.1733	0.0235	4.1840
7.1838	0.0164	4.1840
7.1691	0.0341	4.1840
7.1761	0.0160	4.1840
7.1732	0.0278	4.1840
7.1624	0.0231	4.1840
7.1679	0.0230	4.1840
7.1829	0.0145	4.1840
7.1649	0.0279	4.1840
7.1774	0.0239	4.1840
7.1697	0.0362	4.1840
7.1722	0.0291	4.1840
7.1798	0.0215	4.1840
7.1661	0.0357	4.1840
7.1722	0.0302	4.1840
7.1725	0.0273	4.1840
7.1554	0.0224	4.1840
7.1539	0.0226	4.1840
7.1696	0.0176	4.1840
7.1617	0.0342	4.1840
7.1584	0.0080	4.1840
7.1774	0.0167	4.1840
7.1688	0.0266	4.1840
7.1642	0.0196	4.1840
7.1653	0.0255	4.1840
7.1618	0.0268	4.1840
7.1562	0.0220	4.1840
7.1586	0.0169	4.1840
7.1592	0.0251	4.1840
7.1641	0.0159	4.1840
7.1719	0.0142	4.1840
7.1612	0.0198	4.1840
7.1549	0.0318	4.1840
7.1651	0.0200	4.1840
7.1580	0.0302	4.1840
7.1729	0.0258	4.1840
7.1697	0.0205	4.1840
7.1681	0.0282	4.1840
7.1723	0.0255	4.1840
7.1681	0.0233	4.1840
7.1771	0.0299	4.1840
7.1754	0.0359	4.1840
7.1750	0.0259	4.1840
7.1631	0.0377	4.1840
7.1698	0.0236	4.1840
7.1542	0.0218	4.1840
7.1697	0.0236	4.1840
7.1600	0.0187	4.1840
7.1674	0.0292	4.1840
7.1567	0.0277	4.1840
7.1757	0.0215	4.1840
7.1690	0.0181	4.1840
7.1641	0.0133	4.1840
7.1701	0.0259	4.1840
7.1857	0.0336	4.1840
7.2556	0.0236	4.1840
7.2457	0.0185	4.1840
7.2430	0.0244	4.1840
7.2468	0.0191	4.1840
7.2629	0.0193	4.1840
7.2537	0.0217	4.1840
7.2348	0.0317	4.1840
7.2578	0.0344	4.1840
7.2624	0.0155	4.1840
7.2630	0.0213	4.1840
7.2618	0.0219	4.1840
7.2583	0.0174	4.1840
7.2504	0.0310	4.1840
7.2443	0.0286	4.1840
7.2522	0.0187	4.1840
7.2498	0.0377	4.1840
7.2708	0.0208	4.1840
7.2657	0.0217	4.1840
7.2552	0.0215	4.1840
7.2456	0.0274	4.1840
7.2535	0.0187	4.1840
7.2425	0.0265	4.1840
7.2426	0.0296	4.1840
7.2446	0.0235	4.1840
7.2556	0.0168	4.1840
7.2432	0.0189	4.1840
7.2350	0.0227	4.1840
7.2487	0.0355	4.1840
7.2438	0.0091	4.1840
7.2561	0.0185	4.1840
7.2448	0.0359	4.1840
7.2446	0.0224	4.1840
7.2337	0.0367	4.1840
7.2366	0.0332	4.1840
7.2606	0.0151	4.1840
7.2543	0.0350	4.1840
7.2621	0.0253	4.1840
7.2461	0.0293	4.1840
7.2401	0.0315	4.1840
7.2507	0.0240	4.1840
7.2552	0.0271	4.1840
7.2536	0.0215	4.1840
7.2503	0.0253	4.1840
7.2473	0.0349	4.1840
7.2583	0.0120	4.1840
7.2506	0.0291	4.1840
7.2589	0.0203	4.1840
7.2694	0.0142	4.1840
7.2469	0.0268	4.1840
7.2584	0.0153	4.1840
7.2537	0.0264	4.1840
7.2375	0.0280	4.1840
7.2502	0.0157	4.1840
7.2439	0.0278	4.1840
7.2580	0.0238	4.1840
7.2376	0.0280	4.1840
7.2376	0.0164	4.1840
7.2304	0.0316	4.1840
7.2509	0.0282	4.1840
7.2402	0.0327	4.1840
7.2317	0.0241	4.1840
7.2375	0.0143	4.1840
7.2441	0.0284	4.1840
7.2416	0.0236	4.1840
7.2332	0.0297	4.1840
7.2389	0.0269	4.1840
7.2360	0.0321	4.1840
7.2330	0.0223	4.1840
7.2501	0.0241	4.1840
7.2442	0.0146	4.1840
7.2524	0.0118	4.1840
7.2477	0.0227	4.1840
7.2306	0.0235	4.1840
7.2481	0.0197	4.1840
7.2314	0.0236	4.1840
7.2502	0.0181	4.1840
7.2394	0.0137	4.1840
7.2482	0.0240	4.1840
7.2405	0.0296	4.1840
7.2350	0.0312	4.1840
7.2296	0.0298	4.1840
7.2412	0.0142	4.1840
7.2371	0.0249	4.1840
7.2573	0.0183	4.1840
7.2487	0.0290	4.1840
7.2510	0.0256	4.1840
7.2576	0.0252	4.1840
7.2415	0.0183	4.1840
7.2690	0.0144	4.1840
7.2521	0.0189	4.1840
7.2590	0.0221	4.1840
7.2658	0.0206	4.1840
7.2709	0.0158	4.1840
7.2371	0.0225	4.1840
7.2560	0.0207	4.1840
7.2563	0.0148	4.1840
7.2479	0.0251	4.1840
7.2637	0.0148	4.1840
7.2478	0.0224	4.1840
7.2666	0.0160	4.1840
7.2523	0.0218	4.1840
7.2578	0.0311	4.1840
7.2743	0.0209	4.1840
7.2574	0.0255	4.1840
7.2657	0.0298	4.1840
7.2613	0.0337	4.1840
7.2715	0.0293	4.1840
7.2532	0.0309	4.1840
7.2640	0.0304	4.1840
7.2847	0.0137	4.1840
7.2846	0.0265	4.1840
7.2843	0.0185	4.1840
7.2719	0.0282	4.1840
7.2800	0.0146	4.1840
7.2782	0.0193	4.1840
7.2827	0.0117	4.1840
7.2689	0.0241	4.1840
7.2869	0.0201	4.1840
7.2899	0.0242	4.1840
7.2717	0.0242	4.1840
7.2747	0.0194	4.1840
7.2775	0.0310	4.1840
7.2863	0.0224	4.1840
7.2785	0.0226	4.1840
7.2785	0.0303	4.1840
7.2766	0.0190	4.1840
7.2643	0.0317	4.1840
7.2863	0.0201	4.1840
7.2703	0.0308	4.1840
7.2858	0.0174	4.1840
7.2784	0.0203	4.1840
7.2732	0.0300	4.1840
7.2788	0.0190	4.1840
7.2681	0.0276	4.1840
7.2934	0.0140	4.1840
7.2806	0.0230	4.1840
7.2785	0.0205	4.1840
7.2646	0.0256	4.1840
7.2609	0.0231	4.1840
7.2784	0.0280	4.1840
7.2688	0.0314	4.1840
7.2763	0.0262	4.1840
7.2695	0.0317	4.1840
7.2647	0.0142	4.1840
7.2822	0.0159	4.1840
7.2838	0.0181	4.1840
7.2654	0.0363	4.1840
7.2675	0.0161	4.1840
7.2830	0.0232	4.1840
7.2713	0.0197	4.1840
7.2811	0.0113	4.1840
7.2701	0.0354	4.1840
7.2691	0.0270	4.1840
7.2704	0.0226	4.1840
7.2882	0.0231	4.1840
7.2884	0.0124	4.1840
7.2554	0.0184	4.1840
7.2686	0.0258	4.1840
7.2671	0.0259	4.1840
7.2700	0.0217	4.1840
7.2851	0.0329	4.1840
7.2782	0.0093	4.1840
7.2860	0.0144	4.1840
7.2747	0.0332	4.1840
7.2752	0.0156	4.1840
7.2746	0.0215	4.1840
7.2669	0.0352	4.1840
7.2796	0.0240	4.1840
7.2885	0.0163	4.1840
7.2654	0.0297	4.1840
7.2818	0.0226	4.1840
7.2800	0.0328	4.1840
7.2755	0.0212	4.1840
7.2826	0.0248	4.1840
7.3007	0.0267	4.1840
7.2833	0.0233	4.1840
7.2722	0.0363	4.1840
7.2751	0.0232	4.1840
7.2760	0.0284	4.1840
7.2796	0.0208	4.1840
7.2775	0.0273	4.1840
7.2890	0.0208	4.1840
7.2885	0.0165	4.1840
7.2648	0.0279	4.1840
7.2838	0.0247	4.1840
7.2707	0.0275	4.1840
7.2722	0.0260	4.1840
7.2758	0.0313	4.1840
7.2620	0.0274	4.1840
7.2762	0.0169	4.1840
7.2771	0.0209	4.1840
7.2651	0.0312	4.1840
7.2856	0.0232	4.1840
7.2601	0.0232	4.1840
7.2731	0.0322	4.1840
7.2910	0.0117	4.1840
7.2581	0.0338	4.1840
7.2914	0.0170	4.1840
7.2788	0.0278	4.1840
7.2932	0.0290	4.1840
7.2820	0.0220	4.1840
7.2826	0.0204	4.1840
7.2701	0.0377	4.1840
7.2717	0.0180	4.1840
7.2795	0.0341	4.1840
7.2831	0.0339	4.1840
7.2778	0.0252	4.1840
7.2827	0.0141	4.1840
7.2768	0.0273	4.1840
7.2714	0.0244	4.1840
7.2676	0.0129	4.1840
7.2535	0.0215	4.1840
7.2196	0.0420	4.1840
7.2055	0.0431	4.1840
7.1401	0.0356	4.1840
7.1504	0.0353	4.1840
7.1883	0.0742	4.1840
7.1951	0.0425	4.1840
7.1630	0.0464	4.1840
7.1190	0.0358	4.1840
7.1872	0.0379	4.1840
7.2199	0.0235	4.1840
7.1114	0.0830	4.1840
7.1850	0.0536	4.1840
7.1741	0.0584	4.1840
7.1966	0.0373	4.1840
7.1855	0.0259	4.1840
7.1920	0.0748	4.1840
7.2513	0.0946	4.1840
7.2955	0.0340	4.1840
7.3246	0.0326	4.1840
7.3324	0.0312	4.1840
7.3070	0.0375	4.1840
7.3231	0.0283	4.1840
7.3160	0.0400	4.1840
7.2796	0.0726	4.1840
7.2983	0.0357	4.1840
7.3120	0.0325	4.1840
7.2926	0.0385	4.1840
7.2378	0.0284	4.1840
7.2431	0.0303	4.1840
7.1974	0.0314	4.1840
7.2011	0.0200	4.1840
7.1755	0.0347	4.1840
7.1722	0.0228	4.1840
7.1690	0.0190	4.1840
7.1852	0.0150	4.1840
7.1532	0.0265	4.1840
7.1676	0.0300	4.1840
7.1688	0.0291	4.1840
7.1574	0.0362	4.1840
7.1857	0.0278	4.1840
7.1839	0.0260	4.1840
7.1776	0.0333	4.1840
7.1776	0.0362	4.1840
7.2116	0.0339	4.1840
7.2196	0.0237	4.1840
7.2346	0.0270	4.1840
7.2118	0.0246	4.1840
7.2164	0.0186	4.1840
7.2303	0.0307	4.1840
7.2528	0.0379	4.1840
7.2254	0.0341	4.1840
7.2492	0.0398	4.1840
7.2440	0.0355	4.1840
7.2740	0.0297	4.1840
7.2691	0.0279	4.1840
7.2788	0.0231	4.1840
7.2454	0.0255	4.1840
7.2521	0.0353	4.1840
7.2397	0.0470	4.1840
7.2082	0.0521	4.1840
7.2310	0.0523	4.1840
7.2114	0.0416	4.1840
7.2167	0.0474	4.1840
7.2132	0.0367	4.1840
7.2405	0.0338	4.1840
7.2591	0.0607	4.1840
7.2426	0.0668	4.1840
7.2857	0.0476	4.1840
7.2721	0.0306	4.1840
7.2609	0.0608	4.1840
7.3015	0.0180	4.1840
7.2817	0.0465	4.1840
7.2894	0.0336	4.1840
7.2876	0.0218	4.1840
7.2910	0.0126	4.1840
7.2241	0.0289	4.1840
7.1955	0.0251	4.1840
7.2049	0.0177	4.1840
7.2113	0.0285	4.1840
7.2612	0.0188	4.1840
7.2488	0.0168	4.1840
7.2527	0.0379	4.1840
7.2549	0.0282	4.1840
7.2507	0.0248	4.1840
7.2647	0.0326	4.1840
7.2371	0.0494	4.1840
7.1357	0.0637	4.1840
7.0992	0.0424	4.1840
7.0941	0.0766	4.1840
7.1302	0.0729	4.1840
7.1389	0.0647	4.1840
7.2183	0.0407	4.1840
7.1376	0.0262	4.1840
7.1324	0.0658	4.1840
7.1944	0.0259	4.1840
7.1703	0.0194	4.1840
7.2141	0.0333	4.1840
7.1608	0.0370	4.1840
7.2039	0.0185	4.1840
7.1555	0.0292	4.1840
7.1565	0.0310	4.1840
7.1325	0.0334	4.1840
7.1068	0.0242	4.1840
7.1273	0.0313	4.1840
7.1246	0.0262	4.1840
7.1554	0.0457	4.1840
7.1612	0.0693	4.1840
7.1641	0.0380	4.1840
7.0862	0.0349	4.1840
7.1425	0.0359	4.1840
7.1361	0.0431	4.1840
7.0963	0.0467	4.1840
7.1680	0.0333	4.1840
7.0983	0.0341	4.1840
7.1492	0.0520	4.1840
7.1121	0.0607	4.1840
7.0934	0.0429	4.1840
7.1548	0.0510	4.1840
7.1613	0.0693	4.1840
7.1261	0.0569	4.1840
7.1255	0.0633	4.1840
7.1241	0.0579	4.1840
7.1206	0.0342	4.1840
7.1354	0.0324	4.1840
7.1258	0.0238	4.1840
7.1306	0.0494	4.1840
7.0903	0.0414	4.1840
7.1440	0.0466	4.1840
7.1712	0.0524	4.1840
7.1780	0.0449	4.1840
7.1347	0.0447	4.1840
7.1666	0.0356	4.1840
7.1375	0.0330	4.1840
7.1025	0.0357	4.1840
7.0860	0.0164	4.1840
7.1243	0.0261	4.1840
7.0657	0.0314	4.1840
7.1447	0.0583	4.1840
7.1616	0.0454	4.1840
7.1660	0.0471	4.1840
7.1332	0.0609	4.1840
7.1087	0.0375	4.1840
7.1747	0.0739	4.1840
7.1502	0.0437	4.1840
7.1145	0.0422	4.1840
7.1819	0.0786	4.1840
7.2436	0.0369	4.1840
7.1990	0.0764	4.1840
7.0986	0.0292	4.1840
7.1039	0.0597	4.1840
7.1124	0.0523	4.1840
7.1362	0.0294	4.1840
7.1165	0.0361	4.1840
7.1369	0.0724	4.1840
7.2198	0.0386	4.1840
7.1709	0.0458	4.1840
7.2324	0.0778	4.1840
7.2647	0.0209	4.1840
7.2349	0.0432	4.1840
7.2632	0.0406	4.1840
7.2947	0.0295	4.1840
7.3333	0.0259	4.1840
7.2983	0.0320	4.1840
7.1557	0.0731	4.1840
7.1835	0.0390	4.1840
7.1916	0.0802	4.1840
7.1698	0.0333	4.1840
7.1496	0.0422	4.1840
7.2024	0.0481	4.1840
7.2860	0.0398	4.1840
7.2389	0.0220	4.1840
7.2114	0.0435	4.1840
7.2087	0.0402	4.1840
7.2960	0.0522	4.1840
7.2613	0.0622	4.1840
7.2001	0.0394	4.1840
7.1915	0.0403	4.1840
7.0997	0.0310	4.1840
7.1268	0.0463	4.1840
7.1693	0.0614	4.1840
7.1223	0.0552	4.1840
7.1143	0.0562	4.1840
7.1488	0.0427	4.1840
7.1087	0.0394	4.1840
7.0947	0.0334	4.1840
7.1282	0.0437	4.1840
7.1283	0.0812	4.1840
7.1816	0.0310	4.1840
7.1043	0.0325	4.1840
7.1110	0.0409	4.1840
7.0968	0.0475	4.1840
7.1127	0.0328	4.1840
7.1802	0.0952	4.1840
7.2137	0.0616	4.1840
7.2146	0.0475	4.1840
7.2500	0.0315	4.1840
7.2206	0.0465	4.1840
7.1197	0.0568	4.1840
7.1368	0.0508	4.1840
7.1275	0.0560	4.1840
7.1367	0.0757	4.1840
7.1558	0.0608	4.1840
7.1622	0.0718	4.1840
7.1421	0.0343	4.1840
7.1597	0.0290	4.1840
7.1704	0.0358	4.1840
7.1483	0.0762	4.1840
7.2236	0.0364	4.1840
7.2551	0.0435	4.1840
7.2228	0.0384	4.1840
7.1448	0.0621	4.1840
7.2361	0.0477	4.1840
7.1933	0.0517	4.1840
7.1161	0.0515	4.1840
7.1265	0.0216	4.1840
7.1789	0.0390	4.1840
7.1755	0.0324	4.1840
7.1722	0.0333	4.1840
7.1526	0.0705	4.1840
7.1261	0.0472	4.1840
7.0996	0.0253	4.1840
7.1456	0.0486	4.1840
7.1877	0.0578	4.1840
7.1454	0.0776	4.1840
7.1376	0.0652	4.1840
7.1446	0.0740	4.1840
7.1392	0.0716	4.1840
7.1385	0.0404	4.1840
7.1056	0.0386	4.1840
7.1538	0.0579	4.1840
7.1338	0.0603	4.1840
7.0942	0.0516	4.1840
7.1482	0.0656	4.1840
7.1302	0.0460	4.1840
7.1244	0.0779	4.1840
7.1132	0.0818	4.1840
7.1503	0.0439	4.1840
7.1153	0.0631	4.1840
7.1911	0.0620	4.1840
7.1767	0.0830	4.1840
7.2209	0.0508	4.1840
7.2306	0.0483	4.1840
7.2076	0.0322	4.1840
7.2491	0.0379	4.1840
7.2630	0.0288	4.1840
7.2606	0.0310	4.1840
7.2743	0.0211	4.1840
7.2742	0.0235	4.1840
7.2815	0.0362	4.1840
7.2891	0.0193	4.1840
7.2830	0.0245	4.1840
7.2861	0.0139	4.1840
7.2703	0.0240	4.1840
7.2710	0.0192	4.1840
7.2718	0.0195	4.1840
7.2684	0.0127	4.1840
7.2747	0.0227	4.1840
7.2737	0.0216	4.1840
7.2697	0.0190	4.1840
7.2751	0.0205	4.1840
7.2710	0.0120	4.1840
7.2644	0.0158	4.1840
7.2539	0.0233	4.1840
7.2670	0.0231	4.1840
7.2653	0.0165	4.1840
7.2704	0.0289	4.1840
7.2689	0.0231	4.1840
7.2699	0.0300	4.1840
7.2689	0.0322	4.1840
7.2703	0.0212	4.1840
7.2713	0.0163	4.1840
7.2768	0.0265	4.1840
7.2815	0.0284	4.1840
7.2821	0.0264	4.1840
7.2757	0.0197	4.1840
7.2785	0.0337	4.1840
7.2815	0.0151	4.1840
7.2569	0.0366	4.1840
7.2764	0.0202	4.1840
7.2831	0.0141	4.1840
7.2766	0.0303	4.1840
7.2753	0.0159	4.1840
7.2836	0.0315	4.1840
7.2898	0.0189	4.1840
7.2724	0.0256	4.1840
7.2653	0.0200	4.1840
7.2685	0.0290	4.1840
7.2768	0.0179	4.1840
7.2760	0.0193	4.1840
7.2794	0.0318	4.1840
7.2742	0.0215	4.1840
7.2595	0.0203	4.1840
7.2764	0.0361	4.1840
7.2612	0.0237	4.1840
7.2803	0.0221	4.1840
7.2642	0.0334	4.1840
7.2680	0.0250	4.1840
7.2651	0.0283	4.1840
7.2780	0.0282	4.1840
7.2645	0.0228	4.1840
7.2598	0.0191	4.1840
7.2692	0.0179	4.1840
7.2694	0.0199	4.1840
7.2731	0.0095	4.1840
7.2604	0.0158	4.1840
7.2609	0.0127	4.1840
7.2692	0.0147	4.1840
7.2629	0.0318	4.1840
7.2664	0.0261	4.1840
7.2625	0.0225	4.1840
7.2760	0.0194	4.1840
7.2773	0.0085	4.1840
7.2720	0.0180	4.1840
7.2734	0.0218	4.1840
7.2746	0.0143	4.1840
7.2608	0.0380	4.1840
7.2727	0.0234	4.1840
7.2574	0.0240	4.1840
7.2618	0.0187	4.1840
7.2572	0.0194	4.1840
7.2666	0.0192	4.1840
7.2629	0.0310	4.1840
7.2660	0.0205	4.1840
7.2566	0.0226	4.1840
7.2655	0.0219	4.1840
7.2685	0.0222	4.1840
7.2814	0.0197	4.1840
7.2726	0.0211	4.1840
7.2677	0.0163	4.1840
7.2680	0.0174	4.1840
7.2521	0.0288	4.1840
7.2876	0.0235	4.1840
7.2624	0.0266	4.1840
7.2692	0.0224	4.1840
7.2630	0.0204	4.1840
7.2695	0.0172	4.1840
7.2614	0.0254	4.1840
7.2829	0.0163	4.1840
7.2773	0.0188	4.1840
7.2648	0.0421	4.1840
7.2695	0.0183	4.1840
7.2619	0.0274	4.1840
7.2764	0.0243	4.1840
7.2764	0.0289	4.1840
7.2645	0.0285	4.1840
7.2627	0.0309	4.1840
7.2766	0.0264	4.1840
7.2711	0.0155	4.1840
7.2695	0.0168	4.1840
7.2672	0.0217	4.1840
7.2633	0.0197	4.1840
7.2551	0.0296	4.1840
7.2649	0.0252	4.1840
7.2629	0.0308	4.1840
7.2628	0.0216	4.1840
7.2718	0.0215	4.1840
7.2756	0.0129	4.1840
7.2789	0.0213	4.1840
7.2795	0.0152	4.1840
7.2661	0.0264	4.1840
7.2720	0.0190	4.1840
7.2654	0.0292	4.1840
7.2737	0.0204	4.1840
7.2652	0.0339	4.1840
7.2691	0.0212	4.1840
7.2546	0.0180	4.1840
7.2589	0.0231	4.1840
7.2593	0.0181	4.1840
7.2688	0.0228	4.1840
7.2796	0.0290	4.1840
7.2614	0.0148	4.1840
7.2797	0.0149	4.1840
7.2701	0.0289	4.1840
7.2640	0.0240	4.1840
7.2723	0.0202	4.1840
7.2709	0.0236	4.1840
7.2637	0.0189	4.1840
7.2721	0.0244	4.1840
7.2629	0.0252	4.1840
7.2632	0.0254	4.1840
7.2600	0.0310	4.1840
7.2801	0.0226	4.1840
7.2690	0.0149	4.1840
7.2875	0.0237	4.1840
7.2748	0.0113	4.1840
7.2755	0.0242	4.1840
7.2809	0.0174	4.1840
7.2819	0.0210	4.1840
7.2731	0.0209	4.1840
7.2723	0.0219	4.1840
7.2762	0.0231	4.1840
7.2654	0.0274	4.1840
7.2736	0.0223	4.1840
7.2728	0.0299	4.1840
7.2756	0.0241	4.1840
7.2879	0.0231	4.1840
7.2583	0.0367	4.1840
7.2817	0.0185	4.1840
7.2753	0.0272	4.1840
7.2786	0.0258	4.1840
7.2684	0.0191	4.1840
7.2771	0.0181	4.1840
7.2614	0.0234	4.1840
7.2673	0.0124	4.1840
7.2731	0.0169	4.1840
7.2674	0.0239	4.1840
7.2717	0.0184	4.1840
7.2618	0.0193	4.1840
7.2779	0.0235	4.1840
7.2740	0.0267	4.1840
7.2724	0.0275	4.1840
7.2640	0.0304	4.1840
7.2851	0.0258	4.1840
7.2568	0.0355	4.1840
7.2642	0.0177	4.1840
7.2767	0.0184	4.1840
7.2714	0.0325	4.1840
7.2684	0.0289	4.1840
7.2783	0.0198	4.1840
7.2763	0.0305	4.1840
7.2847	0.0239	4.1840
7.2802	0.0189	4.1840
7.2891	0.0158	4.1840
7.2781	0.0161	4.1840
7.2836	0.0187	4.1840
7.2927	0.0158	4.1840
7.2670	0.0247	4.1840
7.2860	0.0220	4.1840
7.2899	0.0267	4.1840
7.2851	0.0122	4.1840
7.2852	0.0242	4.1840
7.2897	0.0181	4.1840
7.2719	0.0276	4.1840
7.2820	0.0210	4.1840
7.2873	0.0307	4.1840
7.2856	0.0159	4.1840
7.2640	0.0262	4.1840
7.2890	0.0144	4.1840
7.2849	0.0195	4.1840
7.2918	0.0246	4.1840
7.2825	0.0200	4.1840
7.2771	0.0203	4.1840
7.2953	0.0150	4.1840
7.2907	0.0114	4.1840
7.2900	0.0123	4.1840
7.2966	0.0184	4.1840
7.2731	0.0220	4.1840
7.2700	0.0371	4.1840
7.2887	0.0277	4.1840
7.2814	0.0134	4.1840
7.2750	0.0201	4.1840
7.2879	0.0205	4.1840
7.2717	0.0271	4.1840
7.2706	0.0225	4.1840
7.2885	0.0216	4.1840
7.2708	0.0335	4.1840
7.2724	0.0290	4.1840
7.2885	0.0239	4.1840
7.2856	0.0306	4.1840
7.2818	0.0113	4.1840
7.2960	0.0137	4.1840
7.2979	0.0206	4.1840
7.2853	0.0223	4.1840
7.2727	0.0302	4.1840
7.2869	0.0286	4.1840
7.2910	0.0154	4.1840
7.2827	0.0257	4.1840
7.2851	0.0258	4.1840
7.2834	0.0247	4.1840
7.2753	0.0262	4.1840
7.2739	0.0211	4.1840
7.2834	0.0246	4.1840
7.2767	0.0292	4.1840
7.2808	0.0214	4.1840
7.2751	0.0190	4.1840
7.2799	0.0192	4.1840
7.2840	0.0150	4.1840
7.2617	0.0177	4.1840
7.2880	0.0189	4.1840
7.2862	0.0191	4.1840
7.2841	0.0222	4.1840
7.2763	0.0305	4.1840
7.2792	0.0349	4.1840
7.2825	0.0220	4.1840
7.2944	0.0375	4.1840
7.2729	0.0251	4.1840
7.3056	0.0115	4.1840
7.2811	0.0238	4.1840
7.2945	0.0212	4.1840
7.2757	0.0219	4.1840
7.2819	0.0227	4.1840
7.2926	0.0175	4.1840
7.2735	0.0210	4.1840
7.2849	0.0206	4.1840
7.2847	0.0135	4.1840
7.2746	0.0167	4.1840
7.2787	0.0222	4.1840
7.2853	0.0323	4.1840
7.3028	0.0120	4.1840
7.2910	0.0271	4.1840
7.2747	0.0239	4.1840
7.2808	0.0250	4.1840
7.2909	0.0237	4.1840
7.2899	0.0113	4.1840
7.2727	0.0253	4.1840
7.2942	0.0200	4.1840
7.2891	0.0257	4.1840
7.2870	0.0262	4.1840
7.2687	0.0219	4.1840
7.2884	0.0282	4.1840
7.2862	0.0265	4.1840
7.2820	0.0367	4.1840
7.2808	0.0245	4.1840
7.2888	0.0220	4.1840
7.2790	0.0158	4.1840
7.2843	0.0198	4.1840
7.2822	0.0223	4.1840
7.2956	0.0165	4.1840
7.2916	0.0230	4.1840
7.2925	0.0170	4.1840
7.2859	0.0188	4.1840
7.2807	0.0149	4.1840
7.2707	0.0277	4.1840
7.2918	0.0216	4.1840
7.2764	0.0212	4.1840
7.2709	0.0229	4.1840
7.2818	0.0208	4.1840
7.2769	0.0220	4.1840
7.2747	0.0297	4.1840
7.2709	0.0214	4.1840
7.2747	0.0241	4.1840
7.2882	0.0130	4.1840
7.2760	0.0246	4.1840
7.2764	0.0210	4.1840
7.2617	0.0265	4.1840
7.2772	0.0291	4.1840
7.2728	0.0124	4.1840
7.2861	0.0254	4.1840
7.2895	0.0195	4.1840
7.2912	0.0219	4.1840
7.2797	0.0226	4.1840
7.2787	0.0203	4.1840
7.2846	0.0248	4.1840
7.2956	0.0092	4.1840
7.3055	0.0160	4.1840
7.3000	0.0204	4.1840
7.2910	0.0270	4.1840
7.2952	0.0211	4.1840
7.2977	0.0179	4.1840
7.2903	0.0277	4.1840
7.2882	0.0266	4.1840
7.2899	0.0151	4.1840
7.2887	0.0272	4.1840
7.3035	0.0200	4.1840
7.3027	0.0268	4.1840
7.2912	0.0290	4.1840
7.2767	0.0307	4.1840
7.2959	0.0219	4.1840
7.2906	0.0261	4.1840
7.2766	0.0223	4.1840
7.2870	0.0219	4.1840
7.2842	0.0284	4.1840
7.2923	0.0191	4.1840
7.2927	0.0171	4.1840
7.2954	0.0227	4.1840
7.2934	0.0168	4.1840
7.2870	0.0289	4.1840
7.2959	0.0196	4.1840
7.3005	0.0142	4.1840
7.2877	0.0221	4.1840
7.3099	0.0316	4.1840
7.2906	0.0268	4.1840
7.2988	0.0376	4.1840
7.2858	0.0216	4.1840
7.3011	0.0207	4.1840
7.2887	0.0229	4.1840
7.2928	0.0308	4.1840
7.3009	0.0214	4.1840
7.2899	0.0228	4.1840
7.3052	0.0195	4.1840
7.3056	0.0238	4.1840
7.2862	0.0253	4.1840
7.3102	0.0267	4.1840
7.2943	0.0230	4.1840
7.2994	0.0319	4.1840
7.3112	0.0127	4.1840
7.2892	0.0323	4.1840
7.2897	0.0214	4.1840
7.2976	0.0143	4.1840
7.2993	0.0134	4.1840
7.2917	0.0257	4.1840
7.2858	0.0386	4.1840
7.3007	0.0135	4.1840
7.2901	0.0338	4.1840
7.3073	0.0165	4.1840
7.2983	0.0252	4.1840
7.2988	0.0237	4.1840
7.3032	0.0224	4.1840
7.2944	0.0214	4.1840
7.3010	0.0232	4.1840
7.3032	0.0357	4.1840
7.2977	0.0167	4.1840
7.2954	0.0271	4.1840
7.3065	0.0248	4.1840
7.2991	0.0189	4.1840
7.2992	0.0154	4.1840
7.2942	0.0227	4.1840
7.2890	0.0265	4.1840
7.3060	0.0159	4.1840
7.3000	0.0189	4.1840
7.2882	0.0236	4.1840
7.3107	0.0186	4.1840
7.3056	0.0229	4.1840
7.2976	0.0155	4.1840
7.3076	0.0203	4.1840
7.2908	0.0303	4.1840
7.3014	0.0159	4.1840
7.2859	0.0293	4.1840
7.3044	0.0214	4.1840
7.2955	0.0178	4.1840
7.2991	0.0175	4.1840
7.2990	0.0119	4.1840
7.2853	0.0230	4.1840
7.2912	0.0266	4.1840
7.2833	0.0370	4.1840
7.2949	0.0185	4.1840
7.2947	0.0226	4.1840
7.2902	0.0184	4.1840
7.2916	0.0227	4.1840
7.2909	0.0272	4.1840
7.3055	0.0134	4.1840
7.3026	0.0130	4.1840
7.3144	0.0209	4.1840
7.2954	0.0257	4.1840
7.2858	0.0199	4.1840
7.2998	0.0226	4.1840
7.2896	0.0176	4.1840
7.3139	0.0207	4.1840
7.3088	0.0128	4.1840
7.3100	0.0168	4.1840
7.2981	0.0223	4.1840
7.2922	0.0255	4.1840
7.3119	0.0296	4.1840
7.3031	0.0236	4.1840
7.3094	0.0313	4.1840
7.3027	0.0209	4.1840
7.3133	0.0227	4.1840
7.3024	0.0190	4.1840
7.2901	0.0192	4.1840
7.2841	0.0202	4.1840
7.2923	0.0256	4.1840
7.2859	0.0352	4.1840
7.3073	0.0155	4.1840
7.2956	0.0356	4.1840
7.2949	0.0223	4.1840
7.2885	0.0263	4.1840
7.2902	0.0181	4.1840
7.2952	0.0230	4.1840
7.3047	0.0180	4.1840
7.3027	0.0136	4.1840
7.2975	0.0271	4.1840
7.2870	0.0331	4.1840
7.3038	0.0119	4.1840
7.2807	0.0165	4.1840
7.2911	0.0283	4.1840
7.2975	0.0127	4.1840
7.3035	0.0173	4.1840
7.2873	0.0369	4.1840
7.2883	0.0247	4.1840
7.2831	0.0214	4.1840
7.2969	0.0215	4.1840
7.2835	0.0267	4.1840
7.3021	0.0228	4.1840
7.3037	0.0236	4.1840
7.2927	0.0334	4.1840
7.2870	0.0225	4.1840
7.2913	0.0253	4.1840
7.2854	0.0172	4.1840
7.2942	0.0206	4.1840
7.2942	0.0234	4.1840
7.3041	0.0144	4.1840
7.2982	0.0200	4.1840
7.2894	0.0206	4.1840
7.2911	0.0191	4.1840
7.2878	0.0120	4.1840
7.3031	0.0236	4.1840
7.2978	0.0194	4.1840
7.3084	0.0141	4.1840
7.2986	0.0228	4.1840
7.2882	0.0340	4.1840
7.3069	0.0188	4.1840
7.3130	0.0239	4.1840
7.2925	0.0326	4.1840
7.2868	0.0243	4.1840
7.2833	0.0220	4.1840
7.2972	0.0158	4.1840
7.2920	0.0294	4.1840
7.3054	0.0260	4.1840
7.2644	0.0226	4.1840
7.2928	0.0215	4.1840
7.2925	0.0229	4.1840
7.3050	0.0179	4.1840
7.3085	0.0129	4.1840
7.2729	0.0231	4.1840
7.3024	0.0279	4.1840
7.2859	0.0154	4.1840
7.2822	0.0316	4.1840
7.2968	0.0220	4.1840
7.3032	0.0188	4.1840
7.2955	0.0176	4.1840
7.2669	0.0299	4.1840
7.2887	0.0299	4.1840
7.2991	0.0147	4.1840
7.2861	0.0331	4.1840
7.3099	0.0200	4.1840
7.2884	0.0264	4.1840
7.2924	0.0179	4.1840
7.2775	0.0268	4.1840
7.2920	0.0334	4.1840
7.2828	0.0307	4.1840
7.2832	0.0337	4.1840
7.2833	0.0342	4.1840
7.2864	0.0175	4.1840
7.3015	0.0242	4.1840
7.2866	0.0285	4.1840
7.3050	0.0167	4.1840
7.3052	0.0341	4.1840
7.3161	0.0264	4.1840
7.3090	0.0243	4.1840
7.2844	0.0201	4.1840
7.3028	0.0200	4.1840
7.2910	0.0231	4.1840
7.2974	0.0313	4.1840
7.2949	0.0186	4.1840
7.3069	0.0248	4.1840
7.2948	0.0262	4.1840
7.2842	0.0357	4.1840
7.2911	0.0151	4.1840
7.2948	0.0195	4.1840
7.3028	0.0310	4.1840
7.2981	0.0166	4.1840
7.2991	0.0289	4.1840
7.2934	0.0231	4.1840
7.2923	0.0246	4.1840
7.3044	0.0295	4.1840
7.2808	0.0232	4.1840
7.3065	0.0225	4.1840
7.3173	0.0187	4.1840
7.3078	0.0367	4.1840
7.3107	0.0246	4.1840
7.3009	0.0323	4.1840
7.2918	0.0114	4.1840
7.3149	0.0141	4.1840
7.2940	0.0164	4.1840
7.3123	0.0150	4.1840
7.2982	0.0231	4.1840
7.3016	0.0273	4.1840
7.3019	0.0197	4.1840
7.2859	0.0124	4.1840
7.3037	0.0259	4.1840
7.2994	0.0159	4.1840
7.2893	0.0398	4.1840
7.3051	0.0168	4.1840
7.2964	0.0325	4.1840
7.2952	0.0266	4.1840
7.3082	0.0288	4.1840
7.2962	0.0224	4.1840
7.3167	0.0217	4.1840
7.3005	0.0390	4.1840
7.2964	0.0277	4.1840
7.3080	0.0151	4.1840
7.3069	0.0281	4.1840
7.3083	0.0141	4.1840
7.3035	0.0118	4.1840
7.3065	0.0229	4.1840
7.3095	0.0148	4.1840
7.3191	0.0199	4.1840
7.3017	0.0222	4.1840
7.2982	0.0240	4.1840
7.2956	0.0250	4.1840
7.2973	0.0228	4.1840
7.2902	0.0144	4.1840
7.3058	0.0234	4.1840
7.2987	0.0188	4.1840
7.2961	0.0242	4.1840
7.3101	0.0239	4.1840
7.3051	0.0326	4.1840
7.3043	0.0249	4.1840
7.3134	0.0195	4.1840
7.2758	0.0204	4.1840
7.3016	0.0224	4.1840
7.2894	0.0342	4.1840
7.2902	0.0301	4.1840
7.2954	0.0294	4.1840
7.2949	0.0369	4.1840
7.2943	0.0207	4.1840
7.2986	0.0174	4.1840
7.2956	0.0211	4.1840
7.2821	0.0212	4.1840
7.2957	0.0202	4.1840
7.2956	0.0327	4.1840
7.3025	0.0253	4.1840
7.3017	0.0283	4.1840
7.3048	0.0251	4.1840
7.2968	0.0410	4.1840
7.3062	0.0147	4.1840
7.3042	0.0174	4.1840
7.2995	0.0297	4.1840
7.3102	0.0198	4.1840
7.2982	0.0236	4.1840
7.2897	0.0265	4.1840
7.3068	0.0163	4.1840
7.3157	0.0220	4.1840
7.3086	0.0190	4.1840
7.3025	0.0188	4.1840
7.2910	0.0201	4.1840
7.3018	0.0207	4.1840
7.3033	0.0100	4.1840
7.2966	0.0176	4.1840
7.2895	0.0303	4.1840
7.2967	0.0238	4.1840
7.3019	0.0256	4.1840
7.2932	0.0274	4.1840
7.3006	0.0213	4.1840
7.2909	0.0297	4.1840
7.2956	0.0130	4.1840
7.2966	0.0182	4.1840
7.3067	0.0221	4.1840
7.2971	0.0167	4.1840
7.2845	0.0221	4.1840
7.3070	0.0245	4.1840
7.2963	0.0246	4.1840
7.2923	0.0182	4.1840
7.2861	0.0260	4.1840
7.3001	0.0227	4.1840
7.2940	0.0251	4.1840
7.2809	0.0297	4.1840
7.2931	0.0302	4.1840
7.3075	0.0170	4.1840
7.2929	0.0180	4.1840
7.3041	0.0202	4.1840
7.2995	0.0267	4.1840
7.2951	0.0371	4.1840
7.2924	0.0224	4.1840
7.2992	0.0273	4.1840
7.2975	0.0157	4.1840
7.2942	0.0216	4.1840
7.2870	0.0226	4.1840
7.2975	0.0255	4.1840
7.2932	0.0278	4.1840
7.2857	0.0258	4.1840
7.3002	0.0391	4.1840
7.2973	0.0229	4.1840
7.2984	0.0173	4.1840
7.2978	0.0206	4.1840
7.2928	0.0229	4.1840
7.2949	0.0297	4.1840
7.2820	0.0415	4.1840
7.2976	0.0139	4.1840
7.2827	0.0382	4.1840
7.2950	0.0329	4.1840
7.2933	0.0113	4.1840
7.2887	0.0250	4.1840
7.3091	0.0130	4.1840
7.2999	0.0306	4.1840
7.2975	0.0215	4.1840
7.2814	0.0371	4.1840
7.3082	0.0123	4.1840
7.3020	0.0167	4.1840
7.2872	0.0211	4.1840
7.3049	0.0144	4.1840
7.2995	0.0203	4.1840
7.3148	0.0225	4.1840
7.3020	0.0208	4.1840
7.2945	0.0159	4.1840
7.2884	0.0209	4.1840
7.2959	0.0237	4.1840
7.2867	0.0195	4.1840
7.2858	0.0263	4.1840
7.2850	0.0216	4.1840
7.2940	0.0224	4.1840
7.2960	0.0239	4.1840
7.2880	0.0175	4.1840
7.2888	0.0204	4.1840
7.2938	0.0234	4.1840
7.2908	0.0129	4.1840
7.2903	0.0313	4.1840
7.3088	0.0174	4.1840
7.2878	0.0278	4.1840
7.2969	0.0143	4.1840
7.2900	0.0133	4.1840
7.2984	0.0118	4.1840
7.3076	0.0227	4.1840
7.2861	0.0261	4.1840
7.3070	0.0176	4.1840
7.3077	0.0124	4.1840
7.3073	0.0350	4.1840
7.3088	0.0180	4.1840
7.2961	0.0258	4.1840
7.3077	0.0190	4.1840
7.2910	0.0276	4.1840
7.3012	0.0215	4.1840
7.3035	0.0234	4.1840
7.3069	0.0187	4.1840
7.2945	0.0271	4.1840
7.2861	0.0162	4.1840
7.2909	0.0227	4.1840
7.2992	0.0314	4.1840
7.3013	0.0221	4.1840
7.2957	0.0290	4.1840
7.2982	0.0270	4.1840
7.3001	0.0257	4.1840
7.2944	0.0220	4.1840
7.3043	0.0312	4.1840
7.3065	0.0164	4.1840
7.3181	0.0108	4.1840
7.2841	0.0161	4.1840
7.3094	0.0236	4.1840
7.2973	0.0182	4.1840
7.3036	0.0269	4.1840
7.3068	0.0183	4.1840
7.2906	0.0159	4.1840
7.3028	0.0135	4.1840
7.2962	0.0152	4.1840
7.3082	0.0187	4.1840
7.3025	0.0269	4.1840
7.3074	0.0221	4.1840
7.3056	0.0128	4.1840
7.2898	0.0306	4.1840
7.2971	0.0114	4.1840
7.2967	0.0236	4.1840
7.2973	0.0203	4.1840
7.2841	0.0172	4.1840
7.2915	0.0210	4.1840
7.2888	0.0232	4.1840
7.2959	0.0175	4.1840
7.3010	0.0148	4.1840
7.2989	0.0252	4.1840
7.2896	0.0214	4.1840
7.2826	0.0272	4.1840
7.3059	0.0163	4.1840
7.2863	0.0192	4.1840
7.2868	0.0290	4.1840
7.2917	0.0291	4.1840
7.2949	0.0123	4.1840
7.3019	0.0157	4.1840
7.3003	0.0270	4.1840
7.2915	0.0227	4.1840
7.2885	0.0170	4.1840
7.2823	0.0260	4.1840
7.2901	0.0228	4.1840
7.2796	0.0245	4.1840
7.2921	0.0283	4.1840
7.2925	0.0178	4.1840
7.2942	0.0234	4.1840
7.2916	0.0279	4.1840
7.2987	0.0152	4.1840
7.2892	0.0254	4.1840
7.2956	0.0343	4.1840
7.3079	0.0098	4.1840
7.2954	0.0273	4.1840
7.2913	0.0361	4.1840
7.2836	0.0265	4.1840
7.2879	0.0315	4.1840
7.3006	0.0185	4.1840
7.3029	0.0264	4.1840
7.3024	0.0285	4.1840
7.2937	0.0226	4.1840
7.3003	0.0257	4.1840
7.3076	0.0265	4.1840
7.2925	0.0238	4.1840
7.3081	0.0189	4.1840
7.3056	0.0296	4.1840
7.3039	0.0357	4.1840
7.2954	0.0251	4.1840
7.3051	0.0306	4.1840
7.2789	0.0355	4.1840
7.3059	0.0193	4.1840
7.2913	0.0231	4.1840
7.3028	0.0157	4.1840
7.3012	0.0251	4.1840
7.3070	0.0331	4.1840
7.3133	0.0220	4.1840
7.3067	0.0328	4.1840
7.3136	0.0151	4.1840
7.3066	0.0198	4.1840
7.3021	0.0175	4.1840
7.3148	0.0130	4.1840
7.2904	0.0209	4.1840
7.3000	0.0343	4.1840
7.3016	0.0302	4.1840
7.2954	0.0234	4.1840
7.2884	0.0144	4.1840
7.3082	0.0269	4.1840
7.3075	0.0195	4.1840
7.3138	0.0135	4.1840
7.3112	0.0102	4.1840
7.3060	0.0150	4.1840
7.2964	0.0150	4.1840
7.3022	0.0364	4.1840
7.2933	0.0217	4.1840
7.3033	0.0259	4.1840
7.3036	0.0252	4.1840
7.2875	0.0179	4.1840
7.2950	0.0217	4.1840
7.2776	0.0264	4.1840
7.3006	0.0268	4.1840
7.2947	0.0200	4.1840
7.2877	0.0268	4.1840
7.2920	0.0092	4.1840
7.2903	0.0236	4.1840
7.2925	0.0191	4.1840
7.3071	0.0155	4.1840
7.2910	0.0297	4.1840
7.3038	0.0134	4.1840
7.2918	0.0292	4.1840
7.2900	0.0209	4.1840
7.2996	0.0291	4.1840
7.2959	0.0258	4.1840
7.2967	0.0319	4.1840
7.2926	0.0349	4.1840
7.2954	0.0304	4.1840
7.2857	0.0241	4.1840
7.2905	0.0192	4.1840
7.3087	0.0258	4.1840
7.3027	0.0247	4.1840
7.3123	0.0194	4.1840
7.3062	0.0198	4.1840
7.2962	0.0408	4.1840
7.3083	0.0157	4.1840
7.2964	0.0200	4.1840
7.3001	0.0099	4.1840
7.2924	0.0243	4.1840
7.2964	0.0220	4.1840
7.2984	0.0245	4.1840
7.2835	0.0260	4.1840
7.2922	0.0276	4.1840
7.2924	0.0271	4.1840
7.2927	0.0234	4.1840
7.2978	0.0236	4.1840
7.2880	0.0311	4.1840
7.3025	0.0282	4.1840
7.2890	0.0234	4.1840
7.3062	0.0287	4.1840
7.2896	0.0280	4.1840
7.2998	0.0263	4.1840
7.2944	0.0257	4.1840
7.3031	0.0234	4.1840
7.3131	0.0163	4.1840
7.2897	0.0203	4.1840
7.3015	0.0155	4.1840
7.3198	0.0178	4.1840
7.3143	0.0284	4.1840
7.3085	0.0108	4.1840
7.3004	0.0274	4.1840
7.3088	0.0187	4.1840
7.3053	0.0194	4.1840
7.2891	0.0149	4.1840
7.3198	0.0189	4.1840
7.3052	0.0215	4.1840
7.3099	0.0136	4.1840
7.2964	0.0307	4.1840
7.2932	0.0244	4.1840
7.3082	0.0239	4.1840
7.3068	0.0216	4.1840
7.3066	0.0257	4.1840
7.3125	0.0238	4.1840
7.3008	0.0288	4.1840
7.3028	0.0138	4.1840
7.2896	0.0311	4.1840
7.3014	0.0196	4.1840
7.3125	0.0366	4.1840
7.3055	0.0228	4.1840
7.3124	0.0296	4.1840
7.2997	0.0227	4.1840
7.3105	0.0205	4.1840
7.3034	0.0228	4.1840
7.3064	0.0239	4.1840
7.3169	0.0240	4.1840
7.3108	0.0130	4.1840
7.3134	0.0228	4.1840
7.3133	0.0180	4.1840
7.2980	0.0414	4.1840
7.2963	0.0209	4.1840
7.2999	0.0269	4.1840
7.3100	0.0343	4.1840
7.2950	0.0227	4.1840
7.2903	0.0180	4.1840
7.3005	0.0240	4.1840
7.3035	0.0227	4.1840
7.2821	0.0316	4.1840
7.3046	0.0193	4.1840
7.3021	0.0301	4.1840
7.3072	0.0340	4.1840
7.2931	0.0249	4.1840
7.2933	0.0260	4.1840
7.2976	0.0236	4.1840
7.2832	0.0122	4.1840
7.2843	0.0215	4.1840
7.3044	0.0282	4.1840
7.3069	0.0167	4.1840
7.2991	0.0293	4.1840
7.3091	0.0170	4.1840
7.3059	0.0234	4.1840
7.2982	0.0211	4.1840
7.3013	0.0178	4.1840
7.2924	0.0273	4.1840
7.3004	0.0167	4.1840
7.2940	0.0273	4.1840
7.3022	0.0315	4.1840
7.3056	0.0183	4.1840
7.2852	0.0398	4.1840
7.2879	0.0223	4.1840
7.2926	0.0226	4.1840
7.2878	0.0235	4.1840
7.2997	0.0115	4.1840
7.3073	0.0225	4.1840
7.2933	0.0258	4.1840
7.3023	0.0263	4.1840
7.2995	0.0219	4.1840
7.2896	0.0318	4.1840
7.2928	0.0262	4.1840
7.2784	0.0108	4.1840
7.2896	0.0223	4.1840
7.2942	0.0253	4.1840
7.3083	0.0243	4.1840
7.2869	0.0328	4.1840
7.2942	0.0181	4.1840
7.2855	0.0232	4.1840
7.3012	0.0178	4.1840
7.2901	0.0185	4.1840
7.2854	0.0313	4.1840
7.2864	0.0179	4.1840
7.2941	0.0232	4.1840
7.2951	0.0229	4.1840
7.2922	0.0227	4.1840
7.3047	0.0146	4.1840
7.3067	0.0333	4.1840
7.2858	0.0340	4.1840
7.2878	0.0154	4.1840
7.3017	0.0165	4.1840
7.2946	0.0188	4.1840
7.3095	0.0099	4.1840
7.2975	0.0184	4.1840
7.2797	0.0262	4.1840
7.3054	0.0191	4.1840
7.2812	0.0192	4.1840
7.3096	0.0172	4.1840
7.2972	0.0147	4.1840
7.2997	0.0307	4.1840
7.3083	0.0231	4.1840
7.2944	0.0265	4.1840
7.3085	0.0390	4.1840
7.3060	0.0179	4.1840
7.2987	0.0225	4.1840
7.3088	0.0242	4.1840
7.3036	0.0133	4.1840
7.3170	0.0228	4.1840
7.3248	0.0300	4.1840
7.2918	0.0294	4.1840
7.2972	0.0282	4.1840
7.3071	0.0275	4.1840
7.3101	0.0190	4.1840
7.3257	0.0119	4.1840
7.3044	0.0219	4.1840
7.3047	0.0236	4.1840
7.3120	0.0206	4.1840
7.2996	0.0398	4.1840
7.3077	0.0203	4.1840
7.3018	0.0218	4.1840
7.3148	0.0248	4.1840
7.3092	0.0266	4.1840
7.3011	0.0311	4.1840
7.3144	0.0179	4.1840
7.3025	0.0264	4.1840
7.3100	0.0139	4.1840
7.3108	0.0177	4.1840
7.3060	0.0259	4.1840
7.3183	0.0181	4.1840
7.3167	0.0162	4.1840
7.3014	0.0271	4.1840
7.3066	0.0400	4.1840
7.2927	0.0250	4.1840
7.3035	0.0287	4.1840
7.3200	0.0148	4.1840
7.3075	0.0284	4.1840
7.3085	0.0213	4.1840
7.3165	0.0216	4.1840
7.2870	0.0136	4.1840
7.3052	0.0215	4.1840
7.3123	0.0200	4.1840
7.3202	0.0264	4.1840
7.3211	0.0105	4.1840
7.3168	0.0170	4.1840
7.3189	0.0243	4.1840
7.3017	0.0302	4.1840
7.2989	0.0215	4.1840
7.3173	0.0191	4.1840
7.3127	0.0136	4.1840
7.3066	0.0305	4.1840
7.3254	0.0144	4.1840
7.2901	0.0227	4.1840
7.3196	0.0180	4.1840
7.2837	0.0278	4.1840
7.3012	0.0183	4.1840
7.3087	0.0208	4.1840
7.2984	0.0247	4.1840
7.3021	0.0219	4.1840
7.2852	0.0236	4.1840
7.2986	0.0282	4.1840
7.3052	0.0259	4.1840
7.2882	0.0268	4.1840
7.2834	0.0227	4.1840
7.2927	0.0241	4.1840
7.2843	0.0194	4.1840
7.3081	0.0158	4.1840
7.2796	0.0247	4.1840
7.3077	0.0223	4.1840
7.3039	0.0170	4.1840
7.2942	0.0270	4.1840
7.3113	0.0235	4.1840
7.2896	0.0299	4.1840
7.3016	0.0156	4.1840
7.2921	0.0206	4.1840
7.2924	0.0320	4.1840
7.2988	0.0170	4.1840
7.2990	0.0304	4.1840
7.3067	0.0241	4.1840
7.2821	0.0243	4.1840
7.2868	0.0307	4.1840
7.2984	0.0219	4.1840
7.2821	0.0375	4.1840
7.2754	0.0292	4.1840
7.2929	0.0143	4.1840
7.2958	0.0166	4.1840
7.2940	0.0307	4.1840
7.2947	0.0191	4.1840
7.3005	0.0169	4.1840
7.2925	0.0222	4.1840
7.2940	0.0270	4.1840
7.3000	0.0208	4.1840
7.3007	0.0341	4.1840
7.3024	0.0255	4.1840
7.3013	0.0192	4.1840
7.2974	0.0216	4.1840
7.3051	0.0205	4.1840
7.3095	0.0181	4.1840
7.2892	0.0208	4.1840
7.3086	0.0170	4.1840
7.3019	0.0280	4.1840
7.3023	0.0185	4.1840
7.3028	0.0238	4.1840
7.2967	0.0345	4.1840
7.2959	0.0250	4.1840
7.2837	0.0150	4.1840
7.2995	0.0240	4.1840
7.2948	0.0266	4.1840
7.3018	0.0160	4.1840
7.3051	0.0151	4.1840
7.3021	0.0236	4.1840
7.3084	0.0267	4.1840
7.2931	0.0208	4.1840
7.3107	0.0302	4.1840
7.3029	0.0203	4.1840
7.2942	0.0172	4.1840
7.3016	0.0202	4.1840
7.3057	0.0144	4.1840
7.3021	0.0222	4.1840
7.2941	0.0208	4.1840
7.3073	0.0296	4.1840
7.2960	0.0254	4.1840
7.3001	0.0388	4.1840
7.3138	0.0189	4.1840
7.3101	0.0226	4.1840
7.2953	0.0149	4.1840
7.2930	0.0266	4.1840
7.3045	0.0204	4.1840
7.3086	0.0232	4.1840
7.3124	0.0153	4.1840
7.2928	0.0221	4.1840
7.2894	0.0376	4.1840
7.2935	0.0155	4.1840
7.2894	0.0342	4.1840
7.2942	0.0336	4.1840
7.2995	0.0232	4.1840
7.2964	0.0340	4.1840
7.3117	0.0202	4.1840
7.2999	0.0214	4.1840
7.3015	0.0221	4.1840
7.3002	0.0284	4.1840
7.3018	0.0199	4.1840
7.2866	0.0318	4.1840
7.2998	0.0231	4.1840
7.2861	0.0334	4.1840
7.3080	0.0258	4.1840
7.3029	0.0225	4.1840
7.2983	0.0388	4.1840
7.2940	0.0223	4.1840
7.2857	0.0340	4.1840
7.2819	0.0220	4.1840
7.2858	0.0314	4.1840
7.2870	0.0258	4.1840
7.3086	0.0237	4.1840
7.2962	0.0263	4.1840
7.2818	0.0295	4.1840
7.2864	0.0325	4.1840
7.2853	0.0208	4.1840
7.2967	0.0214	4.1840
7.3047	0.0261	4.1840
7.3051	0.0122	4.1840
7.3022	0.0170	4.1840
7.3085	0.0189	4.1840
7.2902	0.0175	4.1840
7.3032	0.0182	4.1840
7.3081	0.0266	4.1840
7.2993	0.0292	4.1840
7.3085	0.0140	4.1840
7.2886	0.0304	4.1840
7.2981	0.0296	4.1840
7.3055	0.0197	4.1840
7.2989	0.0240	4.1840
7.3069	0.0325	4.1840
7.3163	0.0175	4.1840
7.3134	0.0215	4.1840
7.3160	0.0161	4.1840
7.3150	0.0131	4.1840
7.3019	0.0262	4.1840
7.2979	0.0269	4.1840
7.3036	0.0198	4.1840
7.2881	0.0261	4.1840
7.2972	0.0308	4.1840
7.2990	0.0182	4.1840
7.2775	0.0249	4.1840
7.3039	0.0221	4.1840
7.3066	0.0157	4.1840
7.2942	0.0227	4.1840
7.2947	0.0241	4.1840
7.2787	0.0227	4.1840
7.2935	0.0234	4.1840
7.3161	0.0149	4.1840
7.2919	0.0335	4.1840
7.2778	0.0305	4.1840
7.2953	0.0197	4.1840
7.2924	0.0245	4.1840
7.2991	0.0233	4.1840
7.2835	0.0187	4.1840
7.2885	0.0188	4.1840
7.2948	0.0283	4.1840
7.2798	0.0288	4.1840
7.2910	0.0286	4.1840
7.2957	0.0294	4.1840
7.2915	0.0219	4.1840
7.2993	0.0219	4.1840
7.2935	0.0190	4.1840
7.2933	0.0157	4.1840
7.3130	0.0154	4.1840
7.3036	0.0202	4.1840
7.3003	0.0243	4.1840
7.3178	0.0163	4.1840
7.2982	0.0384	4.1840
7.2958	0.0260	4.1840
7.2997	0.0205	4.1840
7.2833	0.0353	4.1840
7.2954	0.0215	4.1840
7.3138	0.0297	4.1840
7.2921	0.0312	4.1840
7.2997	0.0206	4.1840
7.3040	0.0275	4.1840
7.2991	0.0295	4.1840
7.3064	0.0154	4.1840
7.2978	0.0301	4.1840
7.2999	0.0266	4.1840
7.2934	0.0187	4.1840
7.3030	0.0235	4.1840
7.2974	0.0255	4.1840
7.2986	0.0221	4.1840
7.3100	0.0137	4.1840
7.3008	0.0278	4.1840
7.3062	0.0173	4.1840
7.3032	0.0295	4.1840
7.2965	0.0283	4.1840
7.3024	0.0176	4.1840
7.2964	0.0136	4.1840
7.3066	0.0168	4.1840
7.3071	0.0151	4.1840
7.3000	0.0189	4.1840
7.2970	0.0320	4.1840
7.2893	0.0269	4.1840
7.2866	0.0323	4.1840
7.2967	0.0247	4.1840
7.2999	0.0261	4.1840
7.2868	0.0262	4.1840
7.2819	0.0340	4.1840
7.2995	0.0205	4.1840
7.2888	0.0222	4.1840
7.2829	0.0252	4.1840
7.3036	0.0225	4.1840
7.2910	0.0208	4.1840
7.3090	0.0174	4.1840
7.2992	0.0303	4.1840
7.2973	0.0222	4.1840
7.2985	0.0181	4.1840
7.3104	0.0144	4.1840
7.3068	0.0222	4.1840
7.3118	0.0199	4.1840
7.2965	0.0263	4.1840
7.2883	0.0266	4.1840
7.2887	0.0253	4.1840
7.3113	0.0233	4.1840
7.3012	0.0309	4.1840
7.2937	0.0241	4.1840
7.3136	0.0174	4.1840
7.2987	0.0244	4.1840
7.3074	0.0166	4.1840
7.2904	0.0305	4.1840
7.3069	0.0277	4.1840
7.2947	0.0214	4.1840
7.2955	0.0329	4.1840
7.3004	0.0198	4.1840
7.2977	0.0167	4.1840
7.2970	0.0314	4.1840
7.2778	0.0377	4.1840
7.2952	0.0365	4.1840
7.3006	0.0255	4.1840
7.2875	0.0285	4.1840
7.2910	0.0130	4.1840
7.2990	0.0244	4.1840
7.2997	0.0213	4.1840
7.3000	0.0185	4.1840
7.2941	0.0174	4.1840
7.3038	0.0329	4.1840
7.2857	0.0284	4.1840
7.2942	0.0185	4.1840
7.2991	0.0241	4.1840
7.3018	0.0181	4.1840
7.3010	0.0210	4.1840
7.2903	0.0219	4.1840
7.2969	0.0165	4.1840
7.3024	0.0244	4.1840
7.2995	0.0299	4.1840
7.2922	0.0241	4.1840
7.2739	0.0278	4.1840
7.2886	0.0199	4.1840
7.2987	0.0165	4.1840
7.2945	0.0423	4.1840
7.2999	0.0261	4.1840
7.2819	0.0286	4.1840
7.2832	0.0257	4.1840
7.2989	0.0096	4.1840
7.2931	0.0224	4.1840
7.3034	0.0239	4.1840
7.3041	0.0101	4.1840
7.3026	0.0178	4.1840
7.2972	0.0221	4.1840
7.2849	0.0301	4.1840
7.3008	0.0207	4.1840
7.2956	0.0286	4.1840
7.2939	0.0242	4.1840
7.3044	0.0258	4.1840
7.2863	0.0228	4.1840
7.2967	0.0255	4.1840
7.2955	0.0182	4.1840
7.2997	0.0200	4.1840
7.3029	0.0315	4.1840
7.2938	0.0247	4.1840
7.3040	0.0246	4.1840
7.3030	0.0234	4.1840
7.2877	0.0306	4.1840
7.2997	0.0156	4.1840
7.2931	0.0304	4.1840
7.2992	0.0179	4.1840
7.2991	0.0213	4.1840
7.2952	0.0208	4.1840
7.2963	0.0164	4.1840
7.2973	0.0161	4.1840
7.2923	0.0376	4.1840
7.2967	0.0338	4.1840
7.3098	0.0114	4.1840
7.2934	0.0382	4.1840
7.3153	0.0244	4.1840
7.3020	0.0291	4.1840
7.2913	0.0285	4.1840
7.3000	0.0279	4.1840
7.3008	0.0253	4.1840
7.3087	0.0283	4.1840
7.3023	0.0228	4.1840
7.3077	0.0114	4.1840
7.2905	0.0345	4.1840
7.2882	0.0389	4.1840
7.3059	0.0228	4.1840
7.2896	0.0288	4.1840
7.2961	0.0269	4.1840
7.2869	0.0191	4.1840
7.2999	0.0309	4.1840
7.2982	0.0260	4.1840
7.3050	0.0208	4.1840
7.3042	0.0242	4.1840
7.3097	0.0204	4.1840
7.3032	0.0270	4.1840
7.3057	0.0167	4.1840
7.2865	0.0289	4.1840
7.3047	0.0188	4.1840
7.3113	0.0134	4.1840
7.2903	0.0204	4.1840
7.2968	0.0211	4.1840
7.2944	0.0256	4.1840
7.3088	0.0248	4.1840
7.2969	0.0256	4.1840
7.3160	0.0239	4.1840
7.3122	0.0303	4.1840
7.2999	0.0235	4.1840
7.3130	0.0237	4.1840
7.3101	0.0369	4.1840
7.2913	0.0177	4.1840
7.2918	0.0242	4.1840
7.3002	0.0192	4.1840
7.2990	0.0242	4.1840
7.3073	0.0276	4.1840
7.3155	0.0300	4.1840
7.3104	0.0233	4.1840
7.3078	0.0276	4.1840
7.2976	0.0237	4.1840
7.3028	0.0261	4.1840
7.3203	0.0212	4.1840
7.3033	0.0237	4.1840
7.2958	0.0277	4.1840
7.3139	0.0218	4.1840
7.3053	0.0196	4.1840
7.3018	0.0247	4.1840
7.3088	0.0174	4.1840
7.2938	0.0314	4.1840
7.3015	0.0192	4.1840
7.2916	0.0144	4.1840
7.3139	0.0247	4.1840
7.2920	0.0257	4.1840
7.3017	0.0417	4.1840
7.3119	0.0229	4.1840
7.3064	0.0235	4.1840
7.2931	0.0383	4.1840
7.3149	0.0204	4.1840
7.3046	0.0240	4.1840
7.3012	0.0322	4.1840
7.3109	0.0206	4.1840
7.3128	0.0126	4.1840
7.3119	0.0192	4.1840
7.2980	0.0225	4.1840
7.3077	0.0219	4.1840
7.3052	0.0230	4.1840
7.3130	0.0126	4.1840
7.3146	0.0178	4.1840
7.3147	0.0281	4.1840
7.2990	0.0337	4.1840
7.3098	0.0121	4.1840
7.3078	0.0232	4.1840
7.3075	0.0297	4.1840
7.3087	0.0208	4.1840
7.3042	0.0167	4.1840
7.3019	0.0163	4.1840
7.2953	0.0247	4.1840
7.2939	0.0397	4.1840
7.3048	0.0297	4.1840
7.2954	0.0251	4.1840
7.2999	0.0316	4.1840
7.3073	0.0169	4.1840
7.3043	0.0123	4.1840
7.3091	0.0202	4.1840
7.3204	0.0277	4.1840
7.2997	0.0300	4.1840
7.2976	0.0276	4.1840
7.2896	0.0267	4.1840
7.3002	0.0194	4.1840
7.3081	0.0150	4.1840
7.2948	0.0257	4.1840
7.2813	0.0205	4.1840
7.2926	0.0209	4.1840
7.2998	0.0276	4.1840
7.2991	0.0170	4.1840
7.3042	0.0285	4.1840
7.3161	0.0228	4.1840
7.2925	0.0206	4.1840
7.3005	0.0258	4.1840
7.3027	0.0302	4.1840
7.2930	0.0219	4.1840
7.3088	0.0209	4.1840
7.3038	0.0286	4.1840
7.3088	0.0183	4.1840
7.3086	0.0250	4.1840
7.3073	0.0168	4.1840
7.2956	0.0225	4.1840
7.2953	0.0211	4.1840
7.2934	0.0250	4.1840
7.2979	0.0225	4.1840
7.3012	0.0237	4.1840
7.3111	0.0166	4.1840
7.3035	0.0112	4.1840
7.3002	0.0337	4.1840
7.2891	0.0214	4.1840
7.3056	0.0208	4.1840
7.2964	0.0177	4.1840
7.3051	0.0186	4.1840
7.3094	0.0225	4.1840
7.3120	0.0296	4.1840
7.2904	0.0216	4.1840
7.3088	0.0251	4.1840
7.3066	0.0270	4.1840
7.3133	0.0296	4.1840
7.3004	0.0195	4.1840
7.3114	0.0238	4.1840
7.2884	0.0212	4.1840
7.3161	0.0298	4.1840
7.3034	0.0331	4.1840
7.2940	0.0342	4.1840
7.2936	0.0281	4.1840
7.3087	0.0251	4.1840
7.3072	0.0214	4.1840
7.2930	0.0339	4.1840
7.2927	0.0269	4.1840
7.3038	0.0148	4.1840
7.3113	0.0292	4.1840
7.3039	0.0287	4.1840
7.3150	0.0268	4.1840
7.3083	0.0245	4.1840
7.3230	0.0321	4.1840
7.3109	0.0158	4.1840
7.2959	0.0257	4.1840
7.3023	0.0243	4.1840
7.3185	0.0257	4.1840
7.3037	0.0265	4.1840
7.3096	0.0253	4.1840
7.2977	0.0253	4.1840
7.3089	0.0187	4.1840
7.3243	0.0196	4.1840
7.3034	0.0214	4.1840
7.2911	0.0264	4.1840
7.3083	0.0223	4.1840
7.3098	0.0290	4.1840
7.3141	0.0196	4.1840
7.3014	0.0284	4.1840
7.3177	0.0175	4.1840
7.2992	0.0270	4.1840
7.3074	0.0296	4.1840
7.2983	0.0164	4.1840
7.3003	0.0296	4.1840
7.2956	0.0232	4.1840
7.3070	0.0196	4.1840
7.3103	0.0196	4.1840
7.3064	0.0103	4.1840
7.2991	0.0194	4.1840
7.2832	0.0261	4.1840
7.2960	0.0247	4.1840
7.2915	0.0260	4.1840
7.2928	0.0310	4.1840
7.3102	0.0250	4.1840
7.3143	0.0284	4.1840
7.3140	0.0318	4.1840
7.2981	0.0298	4.1840
7.2951	0.0179	4.1840
7.2948	0.0214	4.1840
7.3014	0.0322	4.1840
7.3056	0.0287	4.1840
7.2941	0.0315	4.1840
7.2936	0.0280	4.1840
7.3100	0.0206	4.1840
7.3126	0.0241	4.1840
7.2917	0.0220	4.1840
7.2985	0.0213	4.1840
7.3070	0.0239	4.1840
7.3050	0.0258	4.1840
7.3052	0.0258	4.1840
7.3028	0.0236	4.1840
7.3162	0.0217	4.1840
7.3067	0.0244	4.1840
7.3063	0.0281	4.1840
7.3233	0.0251	4.1840
7.3160	0.0250	4.1840
7.2985	0.0222	4.1840
7.2856	0.0281	4.1840
7.2909	0.0300	4.1840
7.2907	0.0447	4.1840
7.3035	0.0292	4.1840
7.3117	0.0216	4.1840
7.2920	0.0307	4.1840
7.2880	0.0267	4.1840
7.2897	0.0216	4.1840
7.2923	0.0299	4.1840
7.2828	0.0270	4.1840
7.2881	0.0251	4.1840
7.2825	0.0364	4.1840
7.3002	0.0280	4.1840
7.2897	0.0225	4.1840
7.2986	0.0275	4.1840
7.3001	0.0282	4.1840
7.3056	0.0270	4.1840
7.3045	0.0187	4.1840
7.3088	0.0197	4.1840
7.2968	0.0221	4.1840
7.3065	0.0132	4.1840
7.3029	0.0261	4.1840
7.2984	0.0317	4.1840
7.3039	0.0354	4.1840
7.2957	0.0179	4.1840
7.2878	0.0241	4.1840
7.3022	0.0241	4.1840
7.2977	0.0155	4.1840
7.2895	0.0382	4.1840
7.3028	0.0270	4.1840
7.2788	0.0229	4.1840
7.2913	0.0293	4.1840
7.3025	0.0225	4.1840
7.3064	0.0215	4.1840
7.3097	0.0177	4.1840
7.3015	0.0193	4.1840
7.3166	0.0145	4.1840
7.3042	0.0252	4.1840
7.3216	0.0225	4.1840
7.3149	0.0147	4.1840
7.2972	0.0211	4.1840
7.3194	0.0228	4.1840
7.3146	0.0151	4.1840
7.3105	0.0256	4.1840
7.3053	0.0270	4.1840
7.3181	0.0279	4.1840
7.3159	0.0269	4.1840
7.3103	0.0226	4.1840
7.3110	0.0138	4.1840
7.3124	0.0157	4.1840
7.3162	0.0162	4.1840
7.3154	0.0271	4.1840
7.3079	0.0168	4.1840
7.2961	0.0202	4.1840
7.3022	0.0156	4.1840
7.3121	0.0185	4.1840
7.3099	0.0264	4.1840
7.3128	0.0190	4.1840
7.3065	0.0263	4.1840
7.3029	0.0258	4.1840
7.3030	0.0207	4.1840
7.3105	0.0322	4.1840
7.3148	0.0297	4.1840
7.3106	0.0200	4.1840
7.3122	0.0218	4.1840
7.3043	0.0191	4.1840
7.3057	0.0297	4.1840
7.3187	0.0267	4.1840
7.3109	0.0214	4.1840
7.3211	0.0242	4.1840
7.3026	0.0328	4.1840
7.3053	0.0232	4.1840
7.2993	0.0238	4.1840
7.3133	0.0176	4.1840
7.2807	0.0291	4.1840
7.2991	0.0202	4.1840
7.3001	0.0230	4.1840
7.3146	0.0202	4.1840
7.3052	0.0261	4.1840
7.2988	0.0307	4.1840
7.3162	0.0237	4.1840
7.2978	0.0217	4.1840
7.3074	0.0190	4.1840
7.2997	0.0213	4.1840
7.3128	0.0225	4.1840
7.2949	0.0157	4.1840
7.3006	0.0236	4.1840
7.3111	0.0221	4.1840
7.3123	0.0250	4.1840
7.2967	0.0140	4.1840
7.2987	0.0331	4.1840
7.2943	0.0211	4.1840
7.2888	0.0235	4.1840
7.2868	0.0219	4.1840
7.2881	0.0336	4.1840
7.3090	0.0232	4.1840
7.2909	0.0314	4.1840
7.3010	0.0262	4.1840
7.3125	0.0177	4.1840
7.2835	0.0285	4.1840
7.3047	0.0272	4.1840
7.2929	0.0160	4.1840
7.3026	0.0192	4.1840
7.3081	0.0332	4.1840
7.2873	0.0166	4.1840
7.3064	0.0317	4.1840
7.3040	0.0256	4.1840
7.3121	0.0215	4.1840
7.2956	0.0144	4.1840
7.3041	0.0332	4.1840
7.2944	0.0254	4.1840
7.3178	0.0217	4.1840
7.2997	0.0260	4.1840
7.3040	0.0195	4.1840
7.3219	0.0244	4.1840
7.3141	0.0237	4.1840
7.3059	0.0320	4.1840
7.2958	0.0299	4.1840
7.3103	0.0222	4.1840
7.3153	0.0309	4.1840
7.3079	0.0265	4.1840
7.3082	0.0226	4.1840
7.3063	0.0205	4.1840
7.3059	0.0347	4.1840
7.3201	0.0215	4.1840
7.3074	0.0238	4.1840
7.2962	0.0304	4.1840
7.2937	0.0237	4.1840
7.3158	0.0262	4.1840
7.3159	0.0274	4.1840
7.3241	0.0190	4.1840
7.3251	0.0192	4.1840
7.2945	0.0292	4.1840
7.3073	0.0190	4.1840
7.3226	0.0230	4.1840
7.3172	0.0245	4.1840
7.3071	0.0289	4.1840
7.3079	0.0186	4.1840
7.2994	0.0217	4.1840
7.3043	0.0248	4.1840
7.3046	0.0338	4.1840
7.2994	0.0283	4.1840
7.3053	0.0206	4.1840
7.3185	0.0141	4.1840
7.3009	0.0269	4.1840
7.3183	0.0251	4.1840
7.3104	0.0217	4.1840
7.3190	0.0259	4.1840
7.3175	0.0295	4.1840
7.3135	0.0264	4.1840
7.3217	0.0258	4.1840
7.3155	0.0323	4.1840
7.3037	0.0210	4.1840
7.3093	0.0263	4.1840
7.2897	0.0211	4.1840
7.3112	0.0194	4.1840
7.2946	0.0319	4.1840
7.3031	0.0264	4.1840
7.3035	0.0297	4.1840
7.3056	0.0234	4.1840
7.3030	0.0172	4.1840
7.3058	0.0261	4.1840
7.3077	0.0272	4.1840
7.3064	0.0208	4.1840
7.3038	0.0251	4.1840
7.3066	0.0302	4.1840
7.3004	0.0203	4.1840
7.3051	0.0203	4.1840
7.3040	0.0265	4.1840
7.3016	0.0236	4.1840
7.2900	0.0255	4.1840
7.2977	0.0236	4.1840
7.2954	0.0270	4.1840
7.2994	0.0224	4.1840
7.2984	0.0313	4.1840
7.3014	0.0291	4.1840
7.3217	0.0253	4.1840
7.3028	0.0216	4.1840
7.3202	0.0114	4.1840
7.3091	0.0263	4.1840
7.3044	0.0096	4.1840
7.3208	0.0169	4.1840
7.3212	0.0140	4.1840
7.3143	0.0258	4.1840
7.3084	0.0129	4.1840
7.3174	0.0232	4.1840
7.3045	0.0253	4.1840
7.3101	0.0255	4.1840
7.3040	0.0304	4.1840
7.3333	0.0226	4.1840
7.3042	0.0304	4.1840
7.2978	0.0288	4.1840
7.3256	0.0250	4.1840
7.3330	0.0180	4.1840
7.3030	0.0312	4.1840
7.2966	0.0349	4.1840
7.3092	0.0185	4.1840
7.3083	0.0225	4.1840
7.2959	0.0231	4.1840
7.3022	0.0304	4.1840
7.3119	0.0326	4.1840
7.3001	0.0135	4.1840
7.3074	0.0230	4.1840
7.2969	0.0228	4.1840
7.3089	0.0175	4.1840
7.2985	0.0302	4.1840
7.3144	0.0214	4.1840
7.3162	0.0219	4.1840
7.2993	0.0141	4.1840
7.3015	0.0270	4.1840
7.3048	0.0262	4.1840
7.3126	0.0097	4.1840
7.3291	0.0208	4.1840
7.2999	0.0191	4.1840
7.3122	0.0255	4.1840
7.3019	0.0231	4.1840
7.3075	0.0291	4.1840
7.3123	0.0230	4.1840
7.2930	0.0182	4.1840
7.3029	0.0233	4.1840
7.2976	0.0215	4.1840
7.3244	0.0328	4.1840
7.3152	0.0261	4.1840
7.2948	0.0234	4.1840
7.3047	0.0171	4.1840
7.2971	0.0262	4.1840
7.2986	0.0174	4.1840
7.3093	0.0272	4.1840
7.3116	0.0183	4.1840
7.3072	0.0259	4.1840
7.2907	0.0232	4.1840
7.3111	0.0229	4.1840
7.3016	0.0231	4.1840
7.3159	0.0208	4.1840
7.2962	0.0285	4.1840
7.3155	0.0271	4.1840
7.2953	0.0230	4.1840
7.3055	0.0309	4.1840
7.3184	0.0166	4.1840
7.3166	0.0298	4.1840
7.3156	0.0290	4.1840
7.3048	0.0223	4.1840
7.3195	0.0269	4.1840
7.3061	0.0244	4.1840
7.3026	0.0253	4.1840
7.3240	0.0319	4.1840
7.3073	0.0286	4.1840
7.3155	0.0255	4.1840
7.3239	0.0250	4.1840
7.3114	0.0188	4.1840
7.2865	0.0237	4.1840
7.3167	0.0306	4.1840
7.3072	0.0177	4.1840
7.3181	0.0260	4.1840
7.3088	0.0296	4.1840
7.3129	0.0173	4.1840
7.3256	0.0290	4.1840
7.3156	0.0203	4.1840
7.3231	0.0324	4.1840
7.3264	0.0217	4.1840
7.3156	0.0282	4.1840
7.3131	0.0221	4.1840
7.3274	0.0200	4.1840
7.3260	0.0183	4.1840
7.3194	0.0328	4.1840
7.3337	0.0248	4.1840
7.3240	0.0294	4.1840
7.3153	0.0219	4.1840
7.3240	0.0223	4.1840
7.3184	0.0246	4.1840
7.3238	0.0234	4.1840
7.3164	0.0324	4.1840
7.3152	0.0285	4.1840
7.3228	0.0121	4.1840
7.3321	0.0225	4.1840
7.3233	0.0266	4.1840
7.3151	0.0221	4.1840
7.2959	0.0201	4.1840
7.3061	0.0303	4.1840
7.3145	0.0279	4.1840
7.3263	0.0167	4.1840
7.3192	0.0178	4.1840
7.3211	0.0182	4.1840
7.3146	0.0245	4.1840
7.3111	0.0150	4.1840
7.3207	0.0147	4.1840
7.2948	0.0285	4.1840
7.3019	0.0241	4.1840
7.3210	0.0176	4.1840
7.3087	0.0341	4.1840
7.2962	0.0234	4.1840
7.2865	0.0222	4.1840
7.3286	0.0217	4.1840
7.3142	0.0220	4.1840
7.3134	0.0256	4.1840
7.3012	0.0316	4.1840
7.3076	0.0178	4.1840
7.3156	0.0178	4.1840
7.3047	0.0220	4.1840
7.3044	0.0176	4.1840
7.3173	0.0162	4.1840
7.3100	0.0182	4.1840
7.3080	0.0238	4.1840
7.3119	0.0230	4.1840
7.3263	0.0199	4.1840
7.3138	0.0167	4.1840
7.3121	0.0240	4.1840
7.3268	0.0190	4.1840
7.3203	0.0174	4.1840
7.3266	0.0251	4.1840
7.3212	0.0228	4.1840
7.3136	0.0227	4.1840
7.3151	0.0216	4.1840
7.2956	0.0207	4.1840
7.3056	0.0213	4.1840
7.3191	0.0259	4.1840
7.3223	0.0263	4.1840
7.3134	0.0160	4.1840
7.3217	0.0264	4.1840
7.3291	0.0171	4.1840
7.3129	0.0211	4.1840
7.3133	0.0215	4.1840
7.2995	0.0241	4.1840
7.3115	0.0264	4.1840
7.3045	0.0258	4.1840
7.3189	0.0240	4.1840
7.3173	0.0207	4.1840
7.3060	0.0231	4.1840
7.3180	0.0152	4.1840
7.3138	0.0158	4.1840
7.3027	0.0225	4.1840
7.3017	0.0287	4.1840
7.3065	0.0202	4.1840
7.3073	0.0265	4.1840
7.2975	0.0368	4.1840
7.3127	0.0199	4.1840
7.3106	0.0322	4.1840
7.3203	0.0185	4.1840
7.3045	0.0288	4.1840
7.3107	0.0258	4.1840
7.3088	0.0145	4.1840
7.3197	0.0178	4.1840
7.3220	0.0193	4.1840
7.3205	0.0230	4.1840
7.3003	0.0207	4.1840
7.3182	0.0311	4.1840
7.3075	0.0350	4.1840
7.3215	0.0199	4.1840
7.3087	0.0337	4.1840
7.3138	0.0201	4.1840
7.3202	0.0120	4.1840
7.3124	0.0328	4.1840
7.3078	0.0229	4.1840
7.3192	0.0165	4.1840
7.3041	0.0264	4.1840
7.3067	0.0197	4.1840
7.3081	0.0176	4.1840
7.3085	0.0296	4.1840
7.3186	0.0268	4.1840
7.3077	0.0307	4.1840
7.3137	0.0232	4.1840
7.3125	0.0327	4.1840
7.3266	0.0172	4.1840
7.3118	0.0322	4.1840
7.3186	0.0263	4.1840
7.3222	0.0246	4.1840
7.3127	0.0334	4.1840
7.3103	0.0380	4.1840
7.3127	0.0270	4.1840
7.3194	0.0232	4.1840
7.3208	0.0205	4.1840
7.3109	0.0196	4.1840
7.2992	0.0275	4.1840
7.3198	0.0292	4.1840
7.3154	0.0235	4.1840
7.3089	0.0251	4.1840
7.3110	0.0263	4.1840
7.3057	0.0186	4.1840
7.3056	0.0171	4.1840
7.3038	0.0227	4.1840
7.3096	0.0216	4.1840
7.3069	0.0330	4.1840
7.3051	0.0211	4.1840
7.3239	0.0321	4.1840
7.3035	0.0158	4.1840
7.3221	0.0334	4.1840
7.3244	0.0171	4.1840
7.3210	0.0394	4.1840
7.3158	0.0222	4.1840
7.3067	0.0156	4.1840
7.3131	0.0321	4.1840
7.3029	0.0251	4.1840
7.3149	0.0214	4.1840
7.3170	0.0228	4.1840
7.3156	0.0147	4.1840
7.3061	0.0381	4.1840
7.3089	0.0289	4.1840
7.3235	0.0213	4.1840
7.3015	0.0214	4.1840
7.2928	0.0280	4.1840
7.3124	0.0249	4.1840
7.3027	0.0290	4.1840
7.3099	0.0215	4.1840
7.3097	0.0238	4.1840
7.3037	0.0222	4.1840
7.2985	0.0256	4.1840
7.3070	0.0181	4.1840
7.3211	0.0304	4.1840
7.3092	0.0239	4.1840
7.3164	0.0209	4.1840
7.3152	0.0329	4.1840
7.3187	0.0262	4.1840
7.3169	0.0256	4.1840
7.2983	0.0316	4.1840
7.3191	0.0264	4.1840
7.3087	0.0114	4.1840
7.3157	0.0218	4.1840
7.3099	0.0319	4.1840
7.3184	0.0175	4.1840
7.3147	0.0300	4.1840
7.3174	0.0194	4.1840
7.3142	0.0198	4.1840
7.3271	0.0170	4.1840
7.3212	0.0250	4.1840
7.3219	0.0248	4.1840
7.3230	0.0238	4.1840
7.3139	0.0208	4.1840
7.3023	0.0139	4.1840
7.3169	0.0279	4.1840
7.3108	0.0154	4.1840
7.3042	0.0258	4.1840
7.2930	0.0353	4.1840
7.3040	0.0344	4.1840
7.3044	0.0308	4.1840
7.3044	0.0236	4.1840
7.2942	0.0269	4.1840
7.2861	0.0159	4.1840
7.2938	0.0354	4.1840
7.2997	0.0335	4.1840
7.2907	0.0307	4.1840
7.3119	0.0158	4.1840
7.2974	0.0292	4.1840
7.3015	0.0287	4.1840
7.3246	0.0248	4.1840
7.2953	0.0156	4.1840
7.2967	0.0271	4.1840
7.2976	0.0278	4.1840
7.2967	0.0222	4.1840
7.2970	0.0199	4.1840
7.2939	0.0304	4.1840
7.2865	0.0246	4.1840
7.2947	0.0178	4.1840
7.3098	0.0281	4.1840
7.3014	0.0309	4.1840
7.3041	0.0272	4.1840
7.3105	0.0216	4.1840
7.2996	0.0217	4.1840
7.3149	0.0249	4.1840
7.2930	0.0259	4.1840
7.3056	0.0264	4.1840
7.3161	0.0181	4.1840
7.3030	0.0306	4.1840
7.3205	0.0221	4.1840
7.3151	0.0215	4.1840
7.2921	0.0264	4.1840
7.3100	0.0176	4.1840
7.3091	0.0246	4.1840
7.3194	0.0220	4.1840
7.3019	0.0269	4.1840
7.3006	0.0313	4.1840
7.3041	0.0315	4.1840
7.2972	0.0182	4.1840
7.3057	0.0163	4.1840
7.2992	0.0174	4.1840
7.3145	0.0206	4.1840
7.2965	0.0216	4.1840
7.3171	0.0234	4.1840
7.2906	0.0193	4.1840
7.3127	0.0232	4.1840
7.3200	0.0321	4.1840
7.3200	0.0255	4.1840
7.3140	0.0229	4.1840
7.3095	0.0264	4.1840
7.3049	0.0314	4.1840
7.3117	0.0201	4.1840
7.3181	0.0232	4.1840
7.3011	0.0298	4.1840
7.3008	0.0295	4.1840
7.3133	0.0306	4.1840
7.3268	0.0166	4.1840
7.3200	0.0354	4.1840
7.3019	0.0214	4.1840
7.2987	0.0152	4.1840
7.3017	0.0157	4.1840
7.2942	0.0265	4.1840
7.3083	0.0197	4.1840
7.2865	0.0185	4.1840
7.3102	0.0186	4.1840
7.3024	0.0220	4.1840
7.3001	0.0331	4.1840
7.3187	0.0264	4.1840
7.2999	0.0244	4.1840
7.3171	0.0280	4.1840
7.3091	0.0274	4.1840
7.3054	0.0314	4.1840
7.3194	0.0335	4.1840
7.3135	0.0231	4.1840
7.3160	0.0206	4.1840
7.3075	0.0188	4.1840
7.3239	0.0202	4.1840
7.3136	0.0344	4.1840
7.3072	0.0301	4.1840
7.3131	0.0200	4.1840
7.3215	0.0246	4.1840
7.2922	0.0211	4.1840
7.3170	0.0294	4.1840
7.2983	0.0214	4.1840
7.2995	0.0218	4.1840
7.3052	0.0235	4.1840
7.3078	0.0215	4.1840
7.3025	0.0275	4.1840
7.2919	0.0242	4.1840
7.3085	0.0194	4.1840
7.3221	0.0240	4.1840
7.2945	0.0192	4.1840
7.3123	0.0146	4.1840
7.3019	0.0340	4.1840
7.3019	0.0308	4.1840
7.3140	0.0287	4.1840
7.3032	0.0294	4.1840
7.3086	0.0226	4.1840
7.3075	0.0224	4.1840
7.3270	0.0203	4.1840
7.3160	0.0284	4.1840
7.2990	0.0231	4.1840
7.2935	0.0289	4.1840
7.2982	0.0217	4.1840
7.3153	0.0219	4.1840
7.3129	0.0285	4.1840
7.3161	0.0235	4.1840
7.3182	0.0250	4.1840
7.3166	0.0226	4.1840
7.3024	0.0297	4.1840
7.3103	0.0234	4.1840
7.3078	0.0271	4.1840
7.3271	0.0226	4.1840
7.3070	0.0205	4.1840
7.3215	0.0310	4.1840
7.3096	0.0267	4.1840
7.3202	0.0334	4.1840
7.3321	0.0190	4.1840
7.3163	0.0212	4.1840
7.3072	0.0163	4.1840
7.3208	0.0206	4.1840
7.3223	0.0180	4.1840
7.3293	0.0173	4.1840
7.3187	0.0270	4.1840
7.3217	0.0278	4.1840
7.3295	0.0185	4.1840
7.3347	0.0197	4.1840
7.3141	0.0231	4.1840
7.3302	0.0170	4.1840
7.3182	0.0277	4.1840
7.3338	0.0160	4.1840
7.3178	0.0257	4.1840
7.3146	0.0322	4.1840
7.3209	0.0290	4.1840
7.3069	0.0292	4.1840
7.3186	0.0173	4.1840
7.3251	0.0181	4.1840
7.3399	0.0105	4.1840
7.3295	0.0248	4.1840
7.3223	0.0260	4.1840
7.3243	0.0237	4.1840
7.3289	0.0149	4.1840
7.3155	0.0170	4.1840
7.3221	0.0238	4.1840
7.3114	0.0257	4.1840
7.3320	0.0220	4.1840
7.3125	0.0239	4.1840
7.3145	0.0282	4.1840
7.3188	0.0320	4.1840
7.3238	0.0198	4.1840
7.3209	0.0274	4.1840
7.3314	0.0198	4.1840
7.3166	0.0338	4.1840
7.3202	0.0256	4.1840
7.3188	0.0295	4.1840
7.3190	0.0184	4.1840
7.3277	0.0194	4.1840
7.3240	0.0186	4.1840
7.3044	0.0181	4.1840
7.3265	0.0303	4.1840
7.3230	0.0229	4.1840
7.3055	0.0206	4.1840
7.3292	0.0296	4.1840
7.3259	0.0284	4.1840
7.3278	0.0331	4.1840
7.3267	0.0246	4.1840
7.3038	0.0207	4.1840
7.3366	0.0237	4.1840
7.3228	0.0293	4.1840
7.3158	0.0181	4.1840
7.3209	0.0249	4.1840
7.3081	0.0238	4.1840
7.3142	0.0197	4.1840
7.3155	0.0221	4.1840
7.3205	0.0181	4.1840
7.3176	0.0270	4.1840
7.3022	0.0280	4.1840
7.3224	0.0251	4.1840
7.3095	0.0315	4.1840
7.3198	0.0206	4.1840
7.3160	0.0218	4.1840
7.3164	0.0250	4.1840
7.3208	0.0244	4.1840
7.3204	0.0240	4.1840
7.3166	0.0274	4.1840
7.3155	0.0190	4.1840
7.3092	0.0244	4.1840
7.3196	0.0219	4.1840
7.3084	0.0326	4.1840
7.3159	0.0363	4.1840
7.3192	0.0152	4.1840
7.3154	0.0278	4.1840
7.3167	0.0236	4.1840
7.3154	0.0269	4.1840
7.3171	0.0290	4.1840
7.3108	0.0299	4.1840
7.3188	0.0280	4.1840
7.3092	0.0368	4.1840
7.3196	0.0179	4.1840
7.3261	0.0280	4.1840
7.3217	0.0219	4.1840
7.3226	0.0293	4.1840
7.3118	0.0181	4.1840
7.3247	0.0243	4.1840
7.3099	0.0281	4.1840
7.3145	0.0163	4.1840
7.2983	0.0202	4.1840
7.3092	0.0259	4.1840
7.3163	0.0203	4.1840
7.3143	0.0265	4.1840
7.2994	0.0227	4.1840
7.3106	0.0220	4.1840
7.3153	0.0291	4.1840
7.3199	0.0316	4.1840
7.3106	0.0247	4.1840
7.2980	0.0286	4.1840
7.3104	0.0249	4.1840
7.3004	0.0239	4.1840
7.3137	0.0261	4.1840
7.3142	0.0341	4.1840
7.2987	0.0275	4.1840
7.3036	0.0353	4.1840
7.2975	0.0247	4.1840
7.3165	0.0251	4.1840
7.3072	0.0254	4.1840
7.3094	0.0277	4.1840
7.3012	0.0249	4.1840
7.3270	0.0194	4.1840
7.3138	0.0248	4.1840
7.3209	0.0153	4.1840
7.3162	0.0261	4.1840
7.3136	0.0251	4.1840
7.3031	0.0169	4.1840
7.3045	0.0175	4.1840
7.2986	0.0251	4.1840
7.3028	0.0281	4.1840
7.3186	0.0309	4.1840
7.3276	0.0257	4.1840
7.3133	0.0243	4.1840
7.2978	0.0293	4.1840
7.3157	0.0191	4.1840
7.3162	0.0337	4.1840
7.3260	0.0325	4.1840
7.3321	0.0304	4.1840
7.3061	0.0235	4.1840
7.3207	0.0285	4.1840
7.3172	0.0268	4.1840
7.3119	0.0235	4.1840
7.3208	0.0321	4.1840
7.3089	0.0090	4.1840
7.2993	0.0235	4.1840
7.3128	0.0338	4.1840
7.3087	0.0240	4.1840
7.3169	0.0165	4.1840
7.3124	0.0304	4.1840
7.3105	0.0264	4.1840
7.3088	0.0335	4.1840
7.3203	0.0361	4.1840
7.3163	0.0315	4.1840
7.3184	0.0254	4.1840
7.3106	0.0204	4.1840
7.3247	0.0266	4.1840
7.3150	0.0236	4.1840
7.3172	0.0384	4.1840
7.3234	0.0239	4.1840
7.3041	0.0230	4.1840
7.3367	0.0184	4.1840
7.3245	0.0218	4.1840
7.3143	0.0273	4.1840
7.3078	0.0259	4.1840
7.3094	0.0219	4.1840
7.3279	0.0213	4.1840
7.3123	0.0254	4.1840
7.3156	0.0256	4.1840
7.3110	0.0272	4.1840
7.3139	0.0329	4.1840
7.3172	0.0228	4.1840
7.3257	0.0225	4.1840
7.3141	0.0243	4.1840
7.3090	0.0239	4.1840
7.3137	0.0220	4.1840
7.3272	0.0217	4.1840
7.3175	0.0235	4.1840
7.3093	0.0280	4.1840
7.3164	0.0178	4.1840
7.3101	0.0273	4.1840
7.3128	0.0232	4.1840
7.3056	0.0326	4.1840
7.3148	0.0230	4.1840
7.3002	0.0261	4.1840
7.3192	0.0174	4.1840
7.3111	0.0221	4.1840
7.3127	0.0312	4.1840
7.3202	0.0271	4.1840
7.3096	0.0195	4.1840
7.3181	0.0303	4.1840
7.3254	0.0172	4.1840
7.3076	0.0237	4.1840
7.3147	0.0194	4.1840
7.3018	0.0316	4.1840
7.2984	0.0240	4.1840
7.3055	0.0328	4.1840
7.3101	0.0289	4.1840
7.3140	0.0272	4.1840
7.3129	0.0221	4.1840
7.3162	0.0268	4.1840
7.3165	0.0141	4.1840
7.3094	0.0177	4.1840
7.2917	0.0218	4.1840
7.3043	0.0207	4.1840
7.3077	0.0262	4.1840
7.3187	0.0248	4.1840
7.3131	0.0130	4.1840
7.3063	0.0390	4.1840
7.3058	0.0212	4.1840
7.3024	0.0211	4.1840
7.3233	0.0190	4.1840
7.3199	0.0265	4.1840
7.3046	0.0267	4.1840
7.2966	0.0169	4.1840
7.3022	0.0234	4.1840
7.3072	0.0243	4.1840
7.3033	0.0400	4.1840
7.3054	0.0169	4.1840
7.3098	0.0245	4.1840
7.3192	0.0200	4.1840
7.3035	0.0155	4.1840
7.3105	0.0182	4.1840
7.3186	0.0221	4.1840
7.3116	0.0278	4.1840
7.3066	0.0197	4.1840
7.3091	0.0282	4.1840
7.3036	0.0179	4.1840
7.3144	0.0225	4.1840
7.3243	0.0164	4.1840
7.3210	0.0255	4.1840
7.3156	0.0264	4.1840
7.3101	0.0365	4.1840
7.3058	0.0282	4.1840
7.2979	0.0258	4.1840
7.3166	0.0334	4.1840
7.3144	0.0163	4.1840
7.3232	0.0251	4.1840
7.2957	0.0291	4.1840
7.3047	0.0386	4.1840
7.3146	0.0260	4.1840
7.3243	0.0227	4.1840
7.2991	0.0261	4.1840
7.3116	0.0191	4.1840
7.3136	0.0267	4.1840
7.3142	0.0277	4.1840
7.3276	0.0194	4.1840
7.3019	0.0133	4.1840
7.3154	0.0286	4.1840
7.3144	0.0221	4.1840
7.2988	0.0227	4.1840
7.3111	0.0242	4.1840
7.3227	0.0188	4.1840
7.3230	0.0221	4.1840
7.3262	0.0247	4.1840
7.3095	0.0175	4.1840
7.3067	0.0295	4.1840
7.3137	0.0328	4.1840
7.3225	0.0182	4.1840
7.2917	0.0245	4.1840
7.3299	0.0191	4.1840
7.3182	0.0200	4.1840
7.3080	0.0220	4.1840
7.3126	0.0218	4.1840
7.3301	0.0125	4.1840
7.2973	0.0229	4.1840
7.3247	0.0158	4.1840
7.3103	0.0256	4.1840
7.3230	0.0261	4.1840
7.3241	0.0245	4.1840
7.3104	0.0140	4.1840
7.3274	0.0178	4.1840
7.3202	0.0230	4.1840
7.3115	0.0142	4.1840
7.3188	0.0268	4.1840
7.3202	0.0138	4.1840
7.3182	0.0175	4.1840
7.3193	0.0310	4.1840
7.3187	0.0182	4.1840
7.3203	0.0209	4.1840
7.3088	0.0200	4.1840
7.3195	0.0229	4.1840
7.3130	0.0244	4.1840
7.3248	0.0303	4.1840
7.3160	0.0179	4.1840
7.3073	0.0189	4.1840
7.3162	0.0317	4.1840
7.2980	0.0171	4.1840
7.3162	0.0292	4.1840
7.3163	0.0224	4.1840
7.3120	0.0322	4.1840
7.3084	0.0267	4.1840
7.3159	0.0219	4.1840
7.3112	0.0210	4.1840
7.3156	0.0177	4.1840
7.3119	0.0287	4.1840
7.3111	0.0177	4.1840
7.2989	0.0247	4.1840
7.2948	0.0273	4.1840
7.3192	0.0265	4.1840
7.3133	0.0264	4.1840
7.3180	0.0316	4.1840
7.3095	0.0205	4.1840
7.3292	0.0189	4.1840
7.3140	0.0299	4.1840
7.3181	0.0287	4.1840
7.3183	0.0201	4.1840
7.3189	0.0274	4.1840
7.3236	0.0215	4.1840
7.2973	0.0173	4.1840
7.3120	0.0281	4.1840
7.3061	0.0265	4.1840
7.3012	0.0184	4.1840
7.3182	0.0270	4.1840
7.3102	0.0223	4.1840
7.3116	0.0169	4.1840
7.3038	0.0295	4.1840
7.3113	0.0172	4.1840
7.2900	0.0183	4.1840
7.3003	0.0195	4.1840
7.2968	0.0224	4.1840
7.3024	0.0260	4.1840
7.3092	0.0248	4.1840
7.3142	0.0213	4.1840
7.3144	0.0171	4.1840
7.3102	0.0228	4.1840
7.3130	0.0088	4.1840
7.3091	0.0245	4.1840
7.3073	0.0307	4.1840
7.3047	0.0154	4.1840
7.2905	0.0303	4.1840
7.3082	0.0289	4.1840
7.3003	0.0152	4.1840
7.3118	0.0281	4.1840
7.3118	0.0271	4.1840
7.3025	0.0266	4.1840
7.2915	0.0253	4.1840
7.3040	0.0292	4.1840
7.3163	0.0151	4.1840
7.3170	0.0296	4.1840
7.3108	0.0316	4.1840
7.3268	0.0205	4.1840
7.3101	0.0276	4.1840
7.3190	0.0300	4.1840
7.3173	0.0202	4.1840
7.3124	0.0347	4.1840
7.3207	0.0202	4.1840
7.3195	0.0205	4.1840
7.3128	0.0158	4.1840
7.3083	0.0213	4.1840
7.3122	0.0203	4.1840
7.2997	0.0270	4.1840
7.3114	0.0251	4.1840
7.3077	0.0212	4.1840
7.3116	0.0263	4.1840
7.3183	0.0295	4.1840
7.3133	0.0169	4.1840
7.3035	0.0210	4.1840
7.3199	0.0336	4.1840
7.3077	0.0184	4.1840
7.3154	0.0292	4.1840
7.3047	0.0254	4.1840
7.3088	0.0191	4.1840
7.3204	0.0244	4.1840
7.2932	0.0381	4.1840
7.3039	0.0195	4.1840
7.3098	0.0290	4.1840
7.3096	0.0124	4.1840
7.3097	0.0178	4.1840
7.3010	0.0363	4.1840
7.3125	0.0136	4.1840
7.3083	0.0296	4.1840
7.3008	0.0208	4.1840
7.3148	0.0275	4.1840
7.3067	0.0237	4.1840
7.3108	0.0289	4.1840
7.3119	0.0223	4.1840
7.3072	0.0278	4.1840
7.2887	0.0286	4.1840
7.2895	0.0294	4.1840
7.3023	0.0243	4.1840
7.2858	0.0267	4.1840
7.2972	0.0226	4.1840
7.3103	0.0249	4.1840
7.2900	0.0286	4.1840
7.3149	0.0237	4.1840
7.3066	0.0287	4.1840
7.3111	0.0258	4.1840
7.2953	0.0197	4.1840
7.3087	0.0176	4.1840
7.2942	0.0308	4.1840
7.3012	0.0251	4.1840
7.2951	0.0287	4.1840
7.3032	0.0236	4.1840
7.3024	0.0289	4.1840
7.3039	0.0189	4.1840
7.3010	0.0272	4.1840
7.3096	0.0273	4.1840
7.3089	0.0131	4.1840
7.3147	0.0152	4.1840
7.3114	0.0185	4.1840
7.3153	0.0203	4.1840
7.2957	0.0282	4.1840
7.3103	0.0273	4.1840
7.3182	0.0200	4.1840
7.2997	0.0403	4.1840
7.3017	0.0273	4.1840
7.3139	0.0331	4.1840
7.3038	0.0176	4.1840
7.3086	0.0310	4.1840
7.3030	0.0219	4.1840
7.3138	0.0382	4.1840
7.3138	0.0207	4.1840
7.3079	0.0290	4.1840
7.3073	0.0421	4.1840
7.3040	0.0214	4.1840
7.3176	0.0253	4.1840
7.3162	0.0251	4.1840
7.3183	0.0261	4.1840
7.3184	0.0208	4.1840
7.3210	0.0247	4.1840
7.3136	0.0169	4.1840
7.3194	0.0153	4.1840
7.3054	0.0254	4.1840
7.3119	0.0196	4.1840
7.3078	0.0276	4.1840
7.3113	0.0308	4.1840
7.2942	0.0215	4.1840
7.3052	0.0190	4.1840
7.2999	0.0394	4.1840
7.3163	0.0234	4.1840
7.3008	0.0224	4.1840
7.3049	0.0231	4.1840
7.2962	0.0201	4.1840
7.3163	0.0236	4.1840
7.3115	0.0364	4.1840
7.3199	0.0206	4.1840
7.3180	0.0203	4.1840
7.3162	0.0300	4.1840
7.3033	0.0226	4.1840
7.3023	0.0255	4.1840
7.3014	0.0237	4.1840
7.2955	0.0237	4.1840
7.3110	0.0221	4.1840
7.3093	0.0237	4.1840
7.3147	0.0250	4.1840
7.2988	0.0204	4.1840
7.3021	0.0304	4.1840
7.3019	0.0246	4.1840
7.3129	0.0260	4.1840
7.2990	0.0302	4.1840
7.3228	0.0169	4.1840
7.3030	0.0299	4.1840
7.3134	0.0154	4.1840
7.3113	0.0308	4.1840
7.3042	0.0319	4.1840
7.3309	0.0239	4.1840
7.3216	0.0222	4.1840
7.3333	0.0182	4.1840
7.2982	0.0396	4.1840
7.3257	0.0231	4.1840
7.3077	0.0241	4.1840
7.3160	0.0281	4.1840
7.3124	0.0193	4.1840
7.3077	0.0216	4.1840
7.3123	0.0200	4.1840
7.3199	0.0244	4.1840
7.3108	0.0241	4.1840
7.3258	0.0189	4.1840
7.3143	0.0187	4.1840
7.2992	0.0171	4.1840
7.3166	0.0191	4.1840
7.2982	0.0138	4.1840
7.2972	0.0186	4.1840
7.3079	0.0227	4.1840
7.3058	0.0242	4.1840
7.2941	0.0261	4.1840
7.3200	0.0163	4.1840
7.3052	0.0190	4.1840
7.3165	0.0253	4.1840
7.3004	0.0257	4.1840
7.3123	0.0254	4.1840
7.3045	0.0367	4.1840
7.3004	0.0281	4.1840
7.3054	0.0178	4.1840
7.3064	0.0263	4.1840
7.3153	0.0284	4.1840
7.3185	0.0224	4.1840
7.3043	0.0198	4.1840
7.3073	0.0393	4.1840
7.3144	0.0187	4.1840
7.3060	0.0274	4.1840
7.3054	0.0174	4.1840
7.3145	0.0138	4.1840
7.3024	0.0271	4.1840
7.2914	0.0294	4.1840
7.3054	0.0172	4.1840
7.3149	0.0365	4.1840
7.3142	0.0285	4.1840
7.3162	0.0225	4.1840
7.3145	0.0109	4.1840
7.3073	0.0303	4.1840
7.3177	0.0280	4.1840
7.3014	0.0329	4.1840
7.3115	0.0232	4.1840
7.3036	0.0165	4.1840
7.3011	0.0329	4.1840
7.2913	0.0193	4.1840
7.3030	0.0175	4.1840
7.3178	0.0314	4.1840
7.3298	0.0271	4.1840
7.3125	0.0317	4.1840
7.3060	0.0335	4.1840
7.2954	0.0251	4.1840
7.3060	0.0223	4.1840
7.3122	0.0176	4.1840
7.3105	0.0387	4.1840
7.2944	0.0244	4.1840
7.3003	0.0265	4.1840
7.2986	0.0263	4.1840
7.3150	0.0185	4.1840
7.3024	0.0359	4.1840
7.3071	0.0212	4.1840
7.3156	0.0188	4.1840
7.3161	0.0233	4.1840
7.3239	0.0303	4.1840
7.3004	0.0172	4.1840
7.3305	0.0278	4.1840
7.3063	0.0207	4.1840
7.3116	0.0177	4.1840
7.3226	0.0263	4.1840
7.3012	0.0274	4.1840
7.2970	0.0321	4.1840
7.3089	0.0215	4.1840
7.3163	0.0221	4.1840
7.3052	0.0205	4.1840
7.3029	0.0267	4.1840
7.2970	0.0191	4.1840
7.3096	0.0268	4.1840
7.2953	0.0180	4.1840
7.3149	0.0214	4.1840
7.3024	0.0242	4.1840
7.2987	0.0221	4.1840
7.3129	0.0290	4.1840
7.2970	0.0244	4.1840
7.3183	0.0197	4.1840
7.3165	0.0179	4.1840
7.3009	0.0430	4.1840
7.3078	0.0273	4.1840
7.3049	0.0200	4.1840
7.2994	0.0303	4.1840
7.3039	0.0198	4.1840
7.3061	0.0266	4.1840
7.2859	0.0271	4.1840
7.2955	0.0288	4.1840
7.3109	0.0182	4.1840
7.3136	0.0182	4.1840
7.3096	0.0217	4.1840
7.3028	0.0285	4.1840
7.3117	0.0189	4.1840
7.3024	0.0346	4.1840
7.3046	0.0324	4.1840
7.3067	0.0180	4.1840
7.3090	0.0293	4.1840
7.2940	0.0137	4.1840
7.3142	0.0258	4.1840
7.3013	0.0239	4.1840
7.3081	0.0196	4.1840
7.2994	0.0192	4.1840
7.3094	0.0265	4.1840
7.3044	0.0210	4.1840
7.3151	0.0288	4.1840
7.3185	0.0267	4.1840
7.2999	0.0176	4.1840
7.3080	0.0244	4.1840
7.2991	0.0274	4.1840
7.3139	0.0162	4.1840
7.3146	0.0308	4.1840
7.2983	0.0293	4.1840
7.3187	0.0171	4.1840
7.2930	0.0299	4.1840
7.3148	0.0358	4.1840
7.3185	0.0113	4.1840
7.3102	0.0276	4.1840
7.3124	0.0315	4.1840
7.3112	0.0252	4.1840
7.3043	0.0337	4.1840
7.2989	0.0231	4.1840
7.3108	0.0203	4.1840
7.3225	0.0222	4.1840
7.3164	0.0331	4.1840
7.3041	0.0248	4.1840
7.3144	0.0230	4.1840
7.3186	0.0131	4.1840
7.3118	0.0225	4.1840
7.3117	0.0143	4.1840
7.3139	0.0277	4.1840
7.3053	0.0246	4.1840
7.3127	0.0174	4.1840
7.3215	0.0313	4.1840
7.2956	0.0232	4.1840
7.3090	0.0294	4.1840
7.3006	0.0337	4.1840
