#created automatically by Plunger Feedback Control for Linux (PFCL) 
#date: 26/03/2023 11.30
#order: spg. SD spg
#pc: DESKTOP-G0MI776
#run: 0062
#distcal: distcal_helium_24032023
#sollabstand: 13

5.1384	0.0180	11.7720
5.1386	0.0094	11.7720
5.1346	0.0225	11.7720
5.1354	0.0154	11.7720
5.1447	0.0088	11.7720
5.1345	0.0108	11.7720
5.1391	0.0107	11.7720
5.1349	0.0065	11.7720
5.1373	0.0117	11.7720
5.1306	0.0157	11.7720
5.1389	0.0087	11.7720
5.1328	0.0098	11.7720
5.1397	0.0117	11.7720
5.1455	0.0066	11.7720
5.1351	0.0101	11.7720
5.1403	0.0102	11.7720
5.1400	0.0133	11.7720
5.1367	0.0181	11.7720
5.1446	0.0113	11.7720
5.1306	0.0153	11.7720
5.1416	0.0122	11.7720
5.1397	0.0118	11.7720
5.1389	0.0153	11.7720
5.1482	0.0092	11.7720
5.1327	0.0177	11.7720
5.1324	0.0113	11.7720
5.1459	0.0141	11.7720
5.1341	0.0128	11.7720
5.1439	0.0081	11.7720
5.1389	0.0177	11.7720
5.1321	0.0133	11.7720
5.1386	0.0125	11.7720
5.1426	0.0105	11.7720
5.1284	0.0107	11.7720
5.1393	0.0164	11.7720
5.1404	0.0071	11.7720
5.1334	0.0121	11.7720
5.1340	0.0151	11.7720
5.1340	0.0165	11.7720
5.1468	0.0088	11.7720
5.1398	0.0172	11.7720
5.1398	0.0133	11.7720
5.1370	0.0141	11.7720
5.1429	0.0080	11.7720
5.1351	0.0141	11.7720
5.1489	0.0123	11.7720
5.1475	0.0157	11.7720
5.1351	0.0126	11.7720
5.1322	0.0114	11.7720
5.1407	0.0157	11.7720
5.1402	0.0164	11.7720
5.1336	0.0097	11.7720
5.1315	0.0124	11.7720
5.1318	0.0153	11.7720
5.1459	0.0088	11.7720
5.1488	0.0118	11.7720
5.1306	0.0126	11.7720
5.1379	0.0088	11.7720
5.1353	0.0172	11.7720
5.1325	0.0155	11.7720
5.1463	0.0152	11.7720
5.1333	0.0166	11.7720
5.1316	0.0123	11.7720
5.1419	0.0099	11.7720
5.1366	0.0170	11.7720
5.1350	0.0140	11.7720
5.1448	0.0103	11.7720
5.1415	0.0177	11.7720
5.1434	0.0158	11.7720
5.1426	0.0095	11.7720
5.1341	0.0148	11.7720
5.1372	0.0095	11.7720
5.1429	0.0073	11.7720
5.1415	0.0090	11.7720
5.1326	0.0121	11.7720
5.1462	0.0102	11.7720
5.1442	0.0110	11.7720
5.1416	0.0100	11.7720
5.1433	0.0096	11.7720
5.1387	0.0081	11.7720
5.1442	0.0052	11.7720
5.1312	0.0108	11.7720
5.1434	0.0140	11.7720
5.1408	0.0110	11.7720
5.1446	0.0099	11.7720
5.1377	0.0159	11.7720
5.1367	0.0104	11.7720
5.1439	0.0130	11.7720
5.1400	0.0130	11.7720
5.1397	0.0101	11.7720
5.1353	0.0145	11.7720
5.1454	0.0182	11.7720
5.1495	0.0097	11.7720
5.1358	0.0123	11.7720
5.1509	0.0092	11.7720
5.1463	0.0126	11.7720
5.1316	0.0122	11.7720
5.1392	0.0169	11.7720
5.1424	0.0054	11.7720
5.1499	0.0109	11.7720
5.1401	0.0089	11.7720
5.1335	0.0126	11.7720
5.1528	0.0106	11.7720
5.1332	0.0196	11.7720
5.1478	0.0091	11.7720
5.1423	0.0138	11.7720
5.1488	0.0127	11.7720
5.1567	0.0079	11.7720
5.1332	0.0069	11.7720
5.1448	0.0112	11.7720
5.1412	0.0167	11.7720
5.1378	0.0095	11.7720
5.1342	0.0095	11.7720
5.1369	0.0103	11.7720
5.1355	0.0132	11.7720
5.1364	0.0131	11.7720
5.1418	0.0107	11.7720
5.1349	0.0141	11.7720
5.1464	0.0112	11.7720
5.1412	0.0104	11.7720
5.1409	0.0127	11.7720
5.1460	0.0076	11.7720
5.1386	0.0103	11.7720
5.1485	0.0113	11.7720
5.1347	0.0073	11.7720
5.1472	0.0107	11.7720
5.1447	0.0141	11.7720
5.1421	0.0157	11.7720
5.1355	0.0157	11.7720
5.1514	0.0107	11.7720
5.1394	0.0103	11.7720
5.1434	0.0150	11.7720
5.1373	0.0155	11.7720
5.1470	0.0135	11.7720
5.1423	0.0184	11.7720
5.1323	0.0111	11.7720
5.1356	0.0173	11.7720
5.1530	0.0074	11.7720
5.1383	0.0123	11.7720
5.1469	0.0084	11.7720
5.1498	0.0124	11.7720
5.1463	0.0125	11.7720
5.1459	0.0158	11.7720
5.1355	0.0160	11.7720
5.1476	0.0142	11.7720
5.1365	0.0111	11.7720
5.1537	0.0133	11.7720
5.1409	0.0108	11.7720
5.1417	0.0144	11.7720
5.1474	0.0186	11.7720
5.1483	0.0148	11.7720
5.1455	0.0134	11.7720
5.1359	0.0094	11.7720
5.1525	0.0030	11.7720
5.1478	0.0072	11.7720
5.1555	0.0121	11.7720
5.1523	0.0113	11.7720
5.1446	0.0167	11.7720
5.1537	0.0114	11.7720
5.1499	0.0098	11.7720
5.1423	0.0138	11.7720
5.1485	0.0125	11.7720
5.1546	0.0123	11.7720
5.1562	0.0099	11.7720
5.1449	0.0132	11.7720
5.1492	0.0079	11.7720
5.1464	0.0140	11.7720
5.1511	0.0082	11.7720
5.1473	0.0072	11.7720
5.1403	0.0135	11.7720
5.1574	0.0108	11.7720
5.1458	0.0116	11.7720
5.1520	0.0122	11.7720
5.1406	0.0159	11.7720
5.1493	0.0091	11.7720
5.1492	0.0173	11.7720
5.1365	0.0129	11.7720
5.1513	0.0097	11.7720
5.1450	0.0129	11.7720
5.1457	0.0136	11.7720
5.1479	0.0102	11.7720
5.1438	0.0148	11.7720
5.1484	0.0086	11.7720
5.1463	0.0114	11.7720
5.1509	0.0130	11.7720
5.1530	0.0087	11.7720
5.1453	0.0122	11.7720
5.1451	0.0133	11.7720
5.1459	0.0114	11.7720
5.1466	0.0139	11.7720
5.1496	0.0062	11.7720
5.1500	0.0169	11.7720
5.1366	0.0097	11.7720
5.1439	0.0159	11.7720
5.1402	0.0087	11.7720
5.1581	0.0108	11.7720
5.1455	0.0099	11.7720
5.1445	0.0121	11.7720
5.1506	0.0119	11.7720
5.1462	0.0149	11.7720
5.1421	0.0161	11.7720
5.1536	0.0068	11.7720
5.1451	0.0136	11.7720
5.1480	0.0096	11.7720
5.1502	0.0096	11.7720
5.1393	0.0194	11.7720
5.1491	0.0098	11.7720
5.1443	0.0155	11.7720
5.1490	0.0096	12.7680
5.0682	0.0109	12.7680
5.0658	0.0145	12.7680
5.0708	0.0104	12.7680
5.0722	0.0105	12.7680
5.0632	0.0138	12.7680
5.0712	0.0109	12.7680
5.0696	0.0162	12.7680
5.0774	0.0116	12.7680
5.0643	0.0145	12.7680
5.0682	0.0122	12.7680
5.0695	0.0120	12.7680
5.0732	0.0103	12.7680
5.0588	0.0127	12.7680
5.0644	0.0122	12.7680
5.0634	0.0110	12.7680
5.0696	0.0125	12.7680
5.0684	0.0134	12.7680
5.0665	0.0073	12.7680
5.0700	0.0151	12.7680
5.0657	0.0086	12.7680
5.0718	0.0097	12.7680
5.0681	0.0133	12.7680
5.0698	0.0159	12.7680
5.0698	0.0065	12.7680
5.0775	0.0061	12.7680
5.0666	0.0159	12.7680
5.0692	0.0147	12.7680
5.0743	0.0138	12.7680
5.0756	0.0166	12.7680
5.0721	0.0091	12.7680
5.0763	0.0127	12.7680
5.0743	0.0117	12.7680
5.0659	0.0127	12.7680
5.0737	0.0156	12.7680
5.0739	0.0107	12.7680
5.0687	0.0095	12.7680
5.0692	0.0175	12.7680
5.0660	0.0083	12.7680
5.0659	0.0136	12.7680
5.0685	0.0148	12.7680
5.0768	0.0137	12.7680
5.0753	0.0095	12.7680
5.0721	0.0148	12.7680
5.0742	0.0099	12.7680
5.0758	0.0160	12.7680
5.0740	0.0087	12.7680
5.0776	0.0092	12.7680
5.0719	0.0062	12.7680
5.0764	0.0094	12.7680
5.0671	0.0135	12.7680
5.0683	0.0125	12.7680
5.0792	0.0123	12.7680
5.0730	0.0114	12.7680
5.0772	0.0139	12.7680
5.0734	0.0127	12.7680
5.0757	0.0098	12.7680
5.0681	0.0138	12.7680
5.0686	0.0129	12.7680
5.0680	0.0109	12.7680
5.0715	0.0117	12.7680
5.0727	0.0146	12.7680
5.0653	0.0098	12.7680
5.0719	0.0128	12.7680
5.0701	0.0125	12.7680
5.0641	0.0113	12.7680
5.0705	0.0090	12.7680
5.0788	0.0092	12.7680
5.0712	0.0126	12.7680
5.0651	0.0134	12.7680
5.0713	0.0113	12.7680
5.0750	0.0113	12.7680
5.0678	0.0083	12.7680
5.0613	0.0103	12.7680
5.0740	0.0137	12.7680
5.0720	0.0121	12.7680
5.0652	0.0107	12.7680
5.0742	0.0111	12.7680
5.0728	0.0158	12.7680
5.0737	0.0100	12.7680
5.0681	0.0115	12.7680
5.0722	0.0119	12.7680
5.0690	0.0127	12.7680
5.0658	0.0101	12.7680
5.0739	0.0098	12.7680
5.0754	0.0105	12.7680
5.0774	0.0110	12.7680
5.0752	0.0097	12.7680
5.0753	0.0126	12.7680
5.0783	0.0056	12.7680
5.0726	0.0088	12.7680
5.0708	0.0104	12.7680
5.0771	0.0112	12.7680
5.0714	0.0135	12.7680
5.0733	0.0086	12.7680
5.0747	0.0147	12.7680
5.0637	0.0158	12.7680
5.0660	0.0103	12.7680
5.0800	0.0080	12.7680
5.0737	0.0112	12.7680
5.0762	0.0123	12.7680
5.0725	0.0111	12.7680
5.0760	0.0131	12.7680
5.0742	0.0105	12.7680
5.0685	0.0126	12.7680
5.0718	0.0137	12.7680
5.0659	0.0083	12.7680
5.0700	0.0111	12.7680
5.0667	0.0113	12.7680
5.0691	0.0133	12.7680
5.0704	0.0103	12.7680
5.0746	0.0183	12.7680
5.0790	0.0065	12.7680
5.0738	0.0120	12.7680
5.0754	0.0171	12.7680
5.0735	0.0076	12.7680
5.0708	0.0121	12.7680
5.0701	0.0184	12.7680
5.0789	0.0120	12.7680
5.0722	0.0159	12.7680
5.0724	0.0076	12.7680
5.0660	0.0081	12.7680
5.0725	0.0159	12.7680
5.0730	0.0079	12.7680
5.0641	0.0120	12.7680
5.0715	0.0093	12.7680
5.0725	0.0112	12.7680
5.0779	0.0058	12.7680
5.0726	0.0170	12.7680
5.0798	0.0132	12.7680
5.0738	0.0093	12.7680
5.0712	0.0146	12.7680
5.0814	0.0079	12.7680
5.0816	0.0081	12.7680
5.0775	0.0090	12.7680
5.0714	0.0080	12.7680
5.0713	0.0142	12.7680
5.0777	0.0140	12.7680
5.0755	0.0085	12.7680
5.0732	0.0127	12.7680
5.0771	0.0112	12.7680
5.0667	0.0151	12.7680
5.0738	0.0094	12.7680
5.0688	0.0090	12.7680
5.0747	0.0147	12.7680
5.0671	0.0169	12.7680
5.0742	0.0171	12.7680
5.0767	0.0108	12.7680
5.0789	0.0079	12.7680
5.0726	0.0107	12.7680
5.0672	0.0112	12.7680
5.0703	0.0095	12.7680
5.0782	0.0116	12.7680
5.0712	0.0133	12.7680
5.0782	0.0090	12.7680
5.0733	0.0130	12.7680
5.0802	0.0057	12.7680
5.0693	0.0118	12.7680
5.0709	0.0107	12.7680
5.0799	0.0133	12.7680
5.0811	0.0113	12.7680
5.0824	0.0131	12.7680
5.0806	0.0100	12.7680
5.0773	0.0121	12.7680
5.0707	0.0146	12.7680
5.0739	0.0129	12.7680
5.0757	0.0111	12.7680
5.0723	0.0177	12.7680
5.0781	0.0052	12.7680
5.0635	0.0188	12.7680
5.0761	0.0110	12.7680
5.0765	0.0076	12.7680
5.0814	0.0071	12.7680
5.0812	0.0085	12.7680
5.0805	0.0099	12.7680
5.0765	0.0061	12.7680
5.0657	0.0155	12.7680
5.0769	0.0070	12.7680
5.0771	0.0106	12.7680
5.0684	0.0092	12.7680
5.0748	0.0100	12.7680
5.0724	0.0160	12.7680
5.0802	0.0130	12.7680
5.0688	0.0100	12.7680
5.0663	0.0105	12.7680
5.0714	0.0151	12.7680
5.0735	0.0076	12.7680
5.0873	0.0079	12.7680
5.0702	0.0129	12.7680
5.0822	0.0088	12.7680
5.0742	0.0130	12.7680
5.0813	0.0109	12.7680
5.0805	0.0099	12.7680
5.0711	0.0114	12.7680
5.0723	0.0098	12.7680
5.0733	0.0168	12.7680
5.0830	0.0125	12.7680
5.0751	0.0093	12.7680
5.0822	0.0098	12.7680
5.0807	0.0109	12.7680
5.0681	0.0098	12.7680
5.0800	0.0086	12.7680
5.0675	0.0082	12.7680
5.0778	0.0139	12.7680
5.0737	0.0140	12.7680
5.0756	0.0216	12.7680
5.0781	0.0082	12.7680
5.0751	0.0164	12.7680
5.0733	0.0114	12.7680
5.0751	0.0078	12.7680
5.0747	0.0130	12.7680
5.0632	0.0112	12.7680
5.0710	0.0158	12.7680
5.0775	0.0122	12.7680
5.0692	0.0090	12.7680
5.0789	0.0086	12.7680
5.0839	0.0104	12.7680
5.0788	0.0230	12.7680
5.0714	0.0065	12.7680
5.0730	0.0142	12.7680
5.0673	0.0121	12.7680
5.0810	0.0107	12.7680
5.0804	0.0112	12.7680
5.0839	0.0074	12.7680
5.0828	0.0106	12.7680
5.0794	0.0105	12.7680
5.0700	0.0124	12.7680
5.0734	0.0080	12.7680
5.0674	0.0097	12.7680
5.0756	0.0126	12.7680
5.0753	0.0116	12.7680
5.0721	0.0139	12.7680
5.0760	0.0134	12.7680
5.0804	0.0126	12.7680
5.0784	0.0125	12.7680
5.0829	0.0139	12.7680
5.0813	0.0078	12.7680
5.0751	0.0085	12.7680
5.0756	0.0072	12.7680
5.0728	0.0113	12.7680
5.0800	0.0111	12.7680
5.0800	0.0086	12.7680
5.0761	0.0129	12.7680
5.0867	0.0070	12.7680
5.0727	0.0134	12.7680
5.0772	0.0082	12.7680
5.0748	0.0091	12.7680
5.0789	0.0095	12.7680
5.0707	0.0135	12.7680
5.0726	0.0162	12.7680
5.0738	0.0176	12.7680
5.0760	0.0076	12.7680
5.0790	0.0097	12.7680
5.0801	0.0096	12.7680
5.0685	0.0101	12.7680
5.0837	0.0148	12.7680
5.0836	0.0107	12.7680
5.0848	0.0108	12.7680
5.0777	0.0132	12.7680
5.0748	0.0109	12.7680
5.0806	0.0098	12.7680
5.0720	0.0135	12.7680
5.0847	0.0106	12.7680
5.0811	0.0102	12.7680
5.0766	0.0126	12.7680
5.0731	0.0071	12.7680
5.0756	0.0097	12.7680
5.0766	0.0094	12.7680
5.0800	0.0081	12.7680
5.0789	0.0103	12.7680
5.0701	0.0086	12.7680
5.0760	0.0093	12.7680
5.0726	0.0148	12.7680
5.0750	0.0121	12.7680
5.0775	0.0095	12.7680
5.0852	0.0092	12.7680
5.0691	0.0162	12.7680
5.0775	0.0098	12.7680
5.0798	0.0076	12.7680
5.0798	0.0148	12.7680
5.0748	0.0150	12.7680
5.0735	0.0083	12.7680
5.0778	0.0114	12.7680
5.0780	0.0101	12.7680
5.0671	0.0123	12.7680
5.0697	0.0129	12.7680
5.0688	0.0126	12.7680
5.0757	0.0111	12.7680
5.0764	0.0092	12.7680
5.0681	0.0080	12.7680
5.0790	0.0132	12.7680
5.0759	0.0107	12.7680
5.0710	0.0075	12.7680
5.0705	0.0104	12.7680
5.0731	0.0150	12.7680
5.0877	0.0079	12.7680
5.0720	0.0088	12.7680
5.0718	0.0141	12.7680
5.0750	0.0167	12.7680
5.0691	0.0155	12.7680
5.0761	0.0141	12.7680
5.0697	0.0134	12.7680
5.0750	0.0143	12.7680
5.0720	0.0153	12.7680
5.0835	0.0111	12.7680
5.0786	0.0134	12.7680
5.0759	0.0116	12.7680
5.0742	0.0173	12.7680
5.0688	0.0103	12.7680
5.0758	0.0102	12.7680
5.0686	0.0073	12.7680
5.0736	0.0112	12.7680
5.0792	0.0088	12.7680
5.0765	0.0107	12.7680
5.0703	0.0145	12.7680
5.0709	0.0097	12.7680
5.0719	0.0124	12.7680
5.0708	0.0123	12.7680
5.0760	0.0072	12.7680
5.0717	0.0120	12.7680
5.0681	0.0118	12.7680
5.0817	0.0097	12.7680
5.0811	0.0167	12.7680
5.0740	0.0169	12.7680
5.0843	0.0068	12.7680
5.0840	0.0103	12.7680
5.0864	0.0100	12.7680
5.0859	0.0090	12.7680
5.0747	0.0158	12.7680
5.0681	0.0123	12.7680
5.0704	0.0088	12.7680
5.0882	0.0081	12.7680
5.0778	0.0110	12.7680
5.0770	0.0118	12.7680
5.0752	0.0139	12.7680
5.0700	0.0152	12.7680
5.0751	0.0112	12.7680
5.0798	0.0081	12.7680
5.0755	0.0072	12.7680
5.0764	0.0073	12.7680
5.0776	0.0077	12.7680
5.0830	0.0110	12.7680
5.0745	0.0098	12.7680
5.0767	0.0106	12.7680
5.0781	0.0105	12.7680
5.0747	0.0134	12.7680
5.0750	0.0158	12.7680
5.0735	0.0165	12.7680
5.0735	0.0080	12.7680
5.0862	0.0123	12.7680
5.0733	0.0104	12.7680
5.0795	0.0125	12.7680
5.0775	0.0102	12.7680
5.0790	0.0107	12.7680
5.0764	0.0093	12.7680
5.0797	0.0089	12.7680
5.0756	0.0128	12.7680
5.0787	0.0084	12.7680
5.0817	0.0129	12.7680
5.0804	0.0114	12.7680
5.0825	0.0115	12.7680
5.0809	0.0126	12.7680
5.0757	0.0095	12.7680
5.0778	0.0115	12.7680
5.0783	0.0140	12.7680
5.0829	0.0111	12.7680
5.0812	0.0131	12.7680
5.0769	0.0124	12.7680
5.0835	0.0098	12.7680
5.0823	0.0126	12.7680
5.0850	0.0095	12.7680
5.0798	0.0116	12.7680
5.0716	0.0126	12.7680
5.0796	0.0104	12.7680
5.0817	0.0078	12.7680
5.0799	0.0103	12.7680
5.0725	0.0117	12.7680
5.0801	0.0092	12.7680
5.0776	0.0141	12.7680
5.0768	0.0122	12.7680
5.0817	0.0096	12.7680
5.0747	0.0144	12.7680
5.0764	0.0128	12.7680
5.0757	0.0135	12.7680
5.0854	0.0102	12.7680
5.0807	0.0152	12.7680
5.0725	0.0144	12.7680
5.0795	0.0199	12.7680
5.0720	0.0083	12.7680
5.0815	0.0083	12.7680
5.0763	0.0146	12.7680
5.0735	0.0119	12.7680
5.0745	0.0080	12.7680
5.0881	0.0152	12.7680
5.0855	0.0188	12.7680
5.0801	0.0067	12.7680
5.0743	0.0108	12.7680
5.0828	0.0073	12.7680
5.0834	0.0047	12.7680
5.0757	0.0100	12.7680
5.0689	0.0146	12.7680
5.0747	0.0173	12.7680
5.0811	0.0125	12.7680
5.0737	0.0135	12.7680
5.0754	0.0121	12.7680
5.0888	0.0104	12.7680
5.0782	0.0140	12.7680
5.0873	0.0084	12.7680
5.0793	0.0115	12.7680
5.0747	0.0139	12.7680
5.0742	0.0116	12.7680
5.0733	0.0110	12.7680
5.0784	0.0102	12.7680
5.0757	0.0104	12.7680
5.0885	0.0071	12.7680
5.0701	0.0083	12.7680
5.0729	0.0185	12.7680
5.0717	0.0137	12.7680
5.0759	0.0091	12.7680
5.0831	0.0097	12.7680
5.0803	0.0114	12.7680
5.0805	0.0065	12.7680
5.0778	0.0086	12.7680
5.0827	0.0150	12.7680
5.0797	0.0081	12.7680
5.0833	0.0097	12.7680
5.0875	0.0126	12.7680
5.0783	0.0083	12.7680
5.0700	0.0101	12.7680
5.0735	0.0123	12.7680
5.0723	0.0112	12.7680
5.0835	0.0105	12.7680
5.0810	0.0107	12.7680
5.0748	0.0087	12.7680
5.0747	0.0104	12.7680
5.0778	0.0099	12.7680
5.0801	0.0086	12.7680
5.0864	0.0078	12.7680
5.0782	0.0142	12.7680
5.0801	0.0109	12.7680
5.0787	0.0121	12.7680
5.0792	0.0140	12.7680
5.0811	0.0122	12.7680
5.0796	0.0138	12.7680
5.0783	0.0098	12.7680
5.0824	0.0105	12.7680
5.0743	0.0122	12.7680
5.0735	0.0095	12.7680
5.0853	0.0074	12.7680
5.0805	0.0098	12.7680
5.0791	0.0115	12.7680
5.0897	0.0064	12.7680
5.0743	0.0120	12.7680
5.0846	0.0108	12.7680
5.0790	0.0135	12.7680
5.0746	0.0190	12.7680
5.0816	0.0099	12.7680
5.0800	0.0120	12.7680
5.0769	0.0137	12.7680
5.0734	0.0114	12.7680
5.0828	0.0124	12.7680
5.0867	0.0137	12.7680
5.0746	0.0128	12.7680
5.0780	0.0120	12.7680
5.0756	0.0130	12.7680
5.0744	0.0122	12.7680
5.0812	0.0086	12.7680
5.0747	0.0163	12.7680
5.0739	0.0151	12.7680
5.0791	0.0133	12.7680
5.0835	0.0096	12.7680
5.0776	0.0091	12.7680
5.0853	0.0092	12.7680
5.0721	0.0096	12.7680
5.0728	0.0103	12.7680
5.0683	0.0214	12.7680
5.0840	0.0083	12.7680
5.0852	0.0112	12.7680
5.0775	0.0101	12.7680
5.0792	0.0100	12.7680
5.0781	0.0076	12.7680
5.0819	0.0178	12.7680
5.0878	0.0151	12.7680
5.0768	0.0096	12.7680
5.0789	0.0116	12.7680
5.0711	0.0096	12.7680
5.0770	0.0111	12.7680
5.0855	0.0068	12.7680
5.0739	0.0111	12.7680
5.0874	0.0093	12.7680
5.0734	0.0102	12.7680
5.0766	0.0142	12.7680
5.0784	0.0109	12.7680
5.0752	0.0103	12.7680
5.0831	0.0069	12.7680
5.0917	0.0047	12.7680
5.0828	0.0105	12.7680
5.0888	0.0143	12.7680
5.0864	0.0123	12.7680
5.0842	0.0110	12.7680
5.0826	0.0081	12.7680
5.0840	0.0084	12.7680
5.0757	0.0142	12.7680
5.0869	0.0073	12.7680
5.0792	0.0081	12.7680
5.0806	0.0143	12.7680
5.0800	0.0112	12.7680
5.0819	0.0123	12.7680
5.0766	0.0104	12.7680
5.0854	0.0123	12.7680
5.0803	0.0121	12.7680
5.0812	0.0141	12.7680
5.0848	0.0071	12.7680
5.0856	0.0082	12.7680
5.0783	0.0164	12.7680
5.0844	0.0085	12.7680
5.0735	0.0093	12.7680
5.0886	0.0137	12.7680
5.0756	0.0085	12.7680
5.0774	0.0116	12.7680
5.0799	0.0143	12.7680
5.0745	0.0078	12.7680
5.0858	0.0119	12.7680
5.0745	0.0138	12.7680
5.0806	0.0184	12.7680
5.0801	0.0126	12.7680
5.0895	0.0085	12.7680
5.0768	0.0116	12.7680
5.0831	0.0181	12.7680
5.0797	0.0215	12.7680
5.0841	0.0078	12.7680
5.0780	0.0156	12.7680
5.0858	0.0166	12.7680
5.0750	0.0110	12.7680
5.0884	0.0118	12.7680
5.0866	0.0099	12.7680
5.0844	0.0111	12.7680
5.0796	0.0101	12.7680
5.0892	0.0177	12.7680
5.0750	0.0058	12.7680
5.0766	0.0138	12.7680
5.0881	0.0067	12.7680
5.0873	0.0124	12.7680
5.0870	0.0091	12.7680
5.0792	0.0113	12.7680
5.0887	0.0082	12.7680
5.0780	0.0140	12.7680
5.0757	0.0140	12.7680
5.0798	0.0136	12.7680
5.0778	0.0130	12.7680
5.0837	0.0124	12.7680
5.0814	0.0155	12.7680
5.0828	0.0127	12.7680
5.0716	0.0093	12.7680
5.0831	0.0159	12.7680
5.0782	0.0124	12.7680
5.0817	0.0119	12.7680
5.0831	0.0113	12.7680
5.0911	0.0132	12.7680
5.0881	0.0097	12.7680
5.0843	0.0062	12.7680
5.0788	0.0128	12.7680
5.0766	0.0122	12.7680
5.0865	0.0132	12.7680
5.0779	0.0110	12.7680
5.0857	0.0083	12.7680
5.0765	0.0091	12.7680
5.0857	0.0087	12.7680
5.0823	0.0111	12.7680
5.0763	0.0160	12.7680
5.0816	0.0151	12.7680
5.0845	0.0167	12.7680
5.0891	0.0109	12.7680
5.0717	0.0117	12.7680
5.0827	0.0137	12.7680
5.0839	0.0093	12.7680
5.0836	0.0176	12.7680
5.0892	0.0131	12.7680
5.0829	0.0090	12.7680
5.0860	0.0126	12.7680
5.0837	0.0131	12.7680
5.0827	0.0133	12.7680
5.0771	0.0129	12.7680
5.0883	0.0083	12.7680
5.0821	0.0123	12.7680
5.0880	0.0086	12.7680
5.0811	0.0085	12.7680
5.0788	0.0146	12.7680
5.0837	0.0119	12.7680
5.0829	0.0073	12.7680
5.0818	0.0112	12.7680
5.0759	0.0116	12.7680
5.0794	0.0080	12.7680
5.0765	0.0152	12.7680
5.0858	0.0105	12.7680
5.0923	0.0044	12.7680
5.0775	0.0120	12.7680
5.0830	0.0124	12.7680
5.0722	0.0077	12.7680
5.0839	0.0133	12.7680
5.0831	0.0114	12.7680
5.0868	0.0135	12.7680
5.0749	0.0127	12.7680
5.0852	0.0142	12.7680
5.0918	0.0059	12.7680
5.0866	0.0112	12.7680
5.0791	0.0132	12.7680
5.0717	0.0120	12.7680
5.0730	0.0108	12.7680
5.0878	0.0143	12.7680
5.0732	0.0095	12.7680
5.0863	0.0103	12.7680
5.0885	0.0080	12.7680
5.0850	0.0111	12.7680
5.0884	0.0171	12.7680
5.0834	0.0116	12.7680
5.0874	0.0106	12.7680
5.0783	0.0162	12.7680
5.0891	0.0110	12.7680
5.0785	0.0126	12.7680
5.0884	0.0115	12.7680
5.0888	0.0117	12.7680
5.0764	0.0098	12.7680
5.0832	0.0114	12.7680
5.0844	0.0104	12.7680
5.0815	0.0104	12.7680
5.0881	0.0109	12.7680
5.0747	0.0131	12.7680
5.0819	0.0142	12.7680
5.0744	0.0156	12.7680
5.0908	0.0089	12.7680
5.0925	0.0118	12.7680
5.0907	0.0095	12.7680
5.0888	0.0049	12.7680
5.0738	0.0136	12.7680
5.0959	0.0069	12.7680
5.0885	0.0105	12.7680
5.0771	0.0102	12.7680
5.0907	0.0147	12.7680
5.0915	0.0095	12.7680
5.0937	0.0150	12.7680
5.0736	0.0076	12.7680
5.0944	0.0101	12.7680
5.0805	0.0105	12.7680
5.0907	0.0129	12.7680
5.0821	0.0080	12.7680
5.0876	0.0213	12.7680
5.0847	0.0174	12.7680
5.0877	0.0115	12.7680
5.0849	0.0139	12.7680
5.0826	0.0140	12.7680
5.0767	0.0090	12.7680
5.0851	0.0079	12.7680
5.0939	0.0127	12.7680
5.0890	0.0121	12.7680
5.0793	0.0097	12.7680
5.0845	0.0150	12.7680
5.0918	0.0067	12.7680
5.0776	0.0171	12.7680
5.0874	0.0132	12.7680
5.0791	0.0123	12.7680
5.0854	0.0127	12.7680
5.0771	0.0126	12.7680
5.0910	0.0106	12.7680
5.0761	0.0090	12.7680
5.0915	0.0103	12.7680
5.0921	0.0040	12.7680
5.0792	0.0148	12.7680
5.0872	0.0101	12.7680
5.0781	0.0118	12.7680
5.0834	0.0138	12.7680
5.0792	0.0151	12.7680
5.0832	0.0096	12.7680
5.0876	0.0089	12.7680
5.0818	0.0089	12.7680
5.0792	0.0137	12.7680
5.0779	0.0133	12.7680
5.0880	0.0089	12.7680
5.0930	0.0082	12.7680
5.0812	0.0132	12.7680
5.0909	0.0111	12.7680
5.0793	0.0136	12.7680
5.0834	0.0116	12.7680
5.0898	0.0115	12.7680
5.0821	0.0166	12.7680
5.0772	0.0171	12.7680
5.0793	0.0111	12.7680
5.0935	0.0080	12.7680
5.0850	0.0162	12.7680
5.0841	0.0114	12.7680
5.0819	0.0114	12.7680
5.0891	0.0094	12.7680
5.0905	0.0088	12.7680
5.0934	0.0133	12.7680
5.0899	0.0112	12.7680
5.0832	0.0109	12.7680
5.0842	0.0146	12.7680
5.0888	0.0092	12.7680
5.0782	0.0146	12.7680
5.0858	0.0152	12.7680
5.0858	0.0148	12.7680
5.0810	0.0115	12.7680
5.0749	0.0091	12.7680
5.0890	0.0133	12.7680
5.0832	0.0141	12.7680
5.0869	0.0136	12.7680
5.0897	0.0108	12.7680
5.0885	0.0084	12.7680
5.0784	0.0146	12.7680
5.0850	0.0176	12.7680
5.0778	0.0129	12.7680
5.0913	0.0110	12.7680
5.0887	0.0108	12.7680
5.0847	0.0102	12.7680
5.0893	0.0078	12.7680
5.0875	0.0124	12.7680
5.0856	0.0090	12.7680
5.0860	0.0127	12.7680
5.0863	0.0094	12.7680
5.0900	0.0097	12.7680
5.0898	0.0119	12.7680
5.0935	0.0108	12.7680
5.0888	0.0118	12.7680
5.0889	0.0119	12.7680
5.0871	0.0131	12.7680
5.0827	0.0144	12.7680
5.0926	0.0078	12.7680
5.0812	0.0121	12.7680
5.0817	0.0091	12.7680
5.0897	0.0119	12.7680
5.0773	0.0121	12.7680
5.0890	0.0095	12.7680
5.0789	0.0164	12.7680
5.0877	0.0077	12.7680
5.0873	0.0111	12.7680
5.0810	0.0115	12.7680
5.0878	0.0125	12.7680
5.0857	0.0159	12.7680
5.0918	0.0100	12.7680
5.0852	0.0111	12.7680
5.0824	0.0129	12.7680
5.0936	0.0104	12.7680
5.0872	0.0143	12.7680
5.0830	0.0120	12.7680
5.0776	0.0071	12.7680
5.0937	0.0054	12.7680
5.0915	0.0074	12.7680
5.0806	0.0213	12.7680
5.0955	0.0281	12.7680
5.0864	0.0135	12.7680
5.0826	0.0087	12.7680
5.0828	0.0159	12.7680
5.0740	0.0121	12.7680
5.0897	0.0103	12.7680
5.0792	0.0133	12.7680
5.0896	0.0161	12.7680
5.0869	0.0111	12.7680
5.0825	0.0117	12.7680
5.0881	0.0061	12.7680
5.0780	0.0065	12.7680
5.0799	0.0145	12.7680
5.0866	0.0120	12.7680
5.0851	0.0174	12.7680
5.0785	0.0080	12.7680
5.0870	0.0083	12.7680
5.0876	0.0052	12.7680
5.0908	0.0088	12.7680
5.0796	0.0110	12.7680
5.0939	0.0092	12.7680
5.0883	0.0114	12.7680
5.0904	0.0134	12.7680
5.0785	0.0104	12.7680
5.0791	0.0108	12.7680
5.0815	0.0072	12.7680
5.0842	0.0106	12.7680
5.0896	0.0105	12.7680
5.0726	0.0114	12.7680
5.0785	0.0167	12.7680
5.0803	0.0102	12.7680
5.0809	0.0129	12.7680
5.0841	0.0072	12.7680
5.0840	0.0206	12.7680
5.0802	0.0115	12.7680
5.0820	0.0069	12.7680
5.0905	0.0061	12.7680
5.0862	0.0082	12.7680
5.0819	0.0107	12.7680
5.0879	0.0103	12.7680
5.0889	0.0144	12.7680
5.0922	0.0118	12.7680
5.0849	0.0161	12.7680
5.0827	0.0114	12.7680
5.0807	0.0098	12.7680
5.0897	0.0110	12.7680
5.0819	0.0099	12.7680
5.0807	0.0102	12.7680
5.0791	0.0117	12.7680
5.0798	0.0181	12.7680
5.0897	0.0105	12.7680
5.0920	0.0137	12.7680
5.0885	0.0081	12.7680
5.0795	0.0103	12.7680
5.0850	0.0131	12.7680
5.0845	0.0152	12.7680
5.0907	0.0108	12.7680
5.0914	0.0059	12.7680
5.0854	0.0137	12.7680
5.0837	0.0079	12.7680
5.0789	0.0111	12.7680
5.0929	0.0113	12.7680
5.0887	0.0081	12.7680
5.0893	0.0098	12.7680
5.0850	0.0114	12.7680
5.0875	0.0107	12.7680
5.0712	0.0137	12.7680
5.0915	0.0090	12.7680
5.0796	0.0129	12.7680
5.0878	0.0091	12.7680
5.0823	0.0080	12.7680
5.0884	0.0162	12.7680
5.0849	0.0118	12.7680
5.0911	0.0127	12.7680
5.0884	0.0105	12.7680
5.0883	0.0138	12.7680
5.0872	0.0114	12.7680
5.0948	0.0089	12.7680
5.0822	0.0162	12.7680
5.0812	0.0103	12.7680
5.0925	0.0066	12.7680
5.0872	0.0115	12.7680
5.0844	0.0092	12.7680
5.0861	0.0109	12.7680
5.0844	0.0156	12.7680
5.0887	0.0129	12.7680
5.0907	0.0187	12.7680
5.0884	0.0099	12.7680
5.0842	0.0106	12.7680
5.0860	0.0159	12.7680
5.0865	0.0140	12.7680
5.0867	0.0067	12.7680
5.0690	0.0134	12.7680
5.0820	0.0148	12.7680
5.0739	0.0136	12.7680
5.0760	0.0101	12.7680
5.0835	0.0067	12.7680
5.0835	0.0056	12.7680
5.0758	0.0112	12.7680
5.0775	0.0100	12.7680
5.0717	0.0108	12.7680
5.0741	0.0164	12.7680
5.0759	0.0116	12.7680
5.0806	0.0096	12.7680
5.0771	0.0098	12.7680
5.0702	0.0117	12.7680
5.0745	0.0090	12.7680
5.0785	0.0104	12.7680
5.0750	0.0128	12.7680
5.0731	0.0105	12.7680
5.0758	0.0145	12.7680
5.0807	0.0118	12.7680
5.0668	0.0100	12.7680
5.0733	0.0127	12.7680
5.0651	0.0108	12.7680
5.0761	0.0074	12.7680
5.0694	0.0168	12.7680
5.0781	0.0139	12.7680
5.0653	0.0156	12.7680
5.0703	0.0125	12.7680
5.0656	0.0102	12.7680
5.0716	0.0071	12.7680
5.0683	0.0129	12.7680
5.0738	0.0059	12.7680
5.0663	0.0140	12.7680
5.0749	0.0098	12.7680
5.0681	0.0083	12.7680
5.0652	0.0131	12.7680
5.0705	0.0072	12.7680
5.0654	0.0150	12.7680
5.0665	0.0110	12.7680
5.0653	0.0080	12.7680
5.0644	0.0124	12.7680
5.0619	0.0142	12.7680
5.0611	0.0110	12.7680
5.0629	0.0108	12.7680
5.0597	0.0161	12.7680
5.0641	0.0119	12.7680
5.0706	0.0072	12.7680
5.0555	0.0136	12.7680
5.0648	0.0110	12.7680
5.0621	0.0077	12.7680
5.0571	0.0110	12.7680
5.0572	0.0118	12.7680
5.0532	0.0100	12.7680
5.0598	0.0106	12.7680
5.0674	0.0099	12.7680
5.0645	0.0134	12.7680
5.0614	0.0106	12.7680
5.0632	0.0118	12.7680
5.0558	0.0095	12.7680
5.0582	0.0116	12.7680
5.0538	0.0115	12.7680
5.0637	0.0072	12.7680
5.0682	0.0090	12.7680
5.0455	0.0090	12.7680
5.0538	0.0158	12.7680
5.0594	0.0154	12.7680
5.0612	0.0140	12.7680
5.0551	0.0141	12.7680
5.0560	0.0080	12.7680
5.0605	0.0104	12.7680
5.0602	0.0124	12.7680
5.0572	0.0142	12.7680
5.0569	0.0125	12.7680
5.0522	0.0120	12.7680
5.0634	0.0137	12.7680
5.0573	0.0084	12.7680
5.0479	0.0077	12.7680
5.0612	0.0092	12.7680
5.0494	0.0112	12.7680
5.0584	0.0072	12.7680
5.0587	0.0081	12.7680
5.0583	0.0119	12.7680
5.0479	0.0122	12.7680
5.0451	0.0121	12.7680
5.0572	0.0110	12.7680
5.0517	0.0124	12.7680
5.0524	0.0123	12.7680
5.0566	0.0118	12.7680
5.0472	0.0104	12.7680
5.0602	0.0120	12.7680
5.0461	0.0131	12.7680
5.0539	0.0135	12.7680
5.0572	0.0157	12.7680
5.0494	0.0113	12.7680
5.0452	0.0125	12.7680
5.0517	0.0093	12.7680
5.0546	0.0092	12.7680
5.0557	0.0083	12.7680
5.0585	0.0131	12.7680
5.0564	0.0103	12.7680
5.0507	0.0114	12.7680
5.0536	0.0090	12.7680
5.0545	0.0077	12.7680
5.0561	0.0082	12.7680
5.0465	0.0147	12.7680
5.0548	0.0093	12.7680
5.0488	0.0142	12.7680
5.0555	0.0080	12.7680
5.0541	0.0090	12.7680
5.0501	0.0166	12.7680
5.0462	0.0135	12.7680
5.0404	0.0108	12.7680
5.0464	0.0158	12.7680
5.0481	0.0130	12.7680
5.0485	0.0158	12.7680
5.0495	0.0151	12.7680
5.0508	0.0095	12.7680
5.0431	0.0091	12.7680
5.0526	0.0125	12.7680
5.0464	0.0167	12.7680
5.0488	0.0105	12.7680
5.0559	0.0109	12.7680
5.0500	0.0108	12.7680
5.0556	0.0069	12.7680
5.0525	0.0087	12.7680
5.0564	0.0072	12.7680
5.0584	0.0084	12.7680
5.0478	0.0086	12.7680
5.0546	0.0089	12.7680
5.0459	0.0088	12.7680
5.0502	0.0108	12.7680
5.0507	0.0110	12.7680
5.0480	0.0100	12.7680
5.0496	0.0155	12.7680
5.0417	0.0103	12.7680
5.0542	0.0110	12.7680
5.0513	0.0163	12.7680
5.0450	0.0134	12.7680
5.0409	0.0157	12.7680
5.0524	0.0116	12.7680
5.0390	0.0113	12.7680
5.0419	0.0115	12.7680
5.0382	0.0086	12.7680
5.0526	0.0079	12.7680
5.0458	0.0139	12.7680
5.0373	0.0130	12.7680
5.0413	0.0088	12.7680
5.0413	0.0088	12.7680
5.0509	0.0077	12.7680
5.0442	0.0088	12.7680
5.0415	0.0122	12.7680
5.0400	0.0120	12.7680
5.0407	0.0078	12.7680
5.0474	0.0094	12.7680
5.0449	0.0134	12.7680
5.0481	0.0106	12.7680
5.0432	0.0136	12.7680
5.0516	0.0130	12.7680
5.0403	0.0118	12.7680
5.0522	0.0092	12.7680
5.0461	0.0104	12.7680
5.0403	0.0139	12.7680
5.0505	0.0110	12.7680
5.0357	0.0141	12.7680
5.0411	0.0132	12.7680
5.0419	0.0122	12.7680
5.0494	0.0065	12.7680
5.0412	0.0099	12.7680
5.0464	0.0131	12.7680
5.0454	0.0120	12.7680
5.0346	0.0081	12.7680
5.0521	0.0123	12.7680
5.0424	0.0115	12.7680
5.0480	0.0075	12.7680
5.0338	0.0090	12.7680
5.0373	0.0159	12.7680
5.0365	0.0159	12.7680
5.0351	0.0153	12.7680
5.0440	0.0105	12.7680
5.0413	0.0174	12.7680
5.0458	0.0095	12.7680
5.0348	0.0115	12.7680
5.0373	0.0106	12.7680
5.0399	0.0121	12.7680
5.0469	0.0074	12.7680
5.0367	0.0123	12.7680
5.0487	0.0124	12.7680
5.0424	0.0090	12.7680
5.0447	0.0132	12.7680
5.0498	0.0125	12.7680
5.0337	0.0064	12.7680
5.0368	0.0129	12.7680
5.0380	0.0133	12.7680
5.0385	0.0090	12.7680
5.0392	0.0091	12.7680
5.0378	0.0114	12.7680
5.0452	0.0057	12.7680
5.0466	0.0097	12.7680
5.0465	0.0170	12.7680
5.0405	0.0121	12.7680
5.0407	0.0149	12.7680
5.0309	0.0132	12.7680
5.0390	0.0098	12.7680
5.0449	0.0144	12.7680
5.0400	0.0094	12.7680
5.0382	0.0127	12.7680
5.0486	0.0096	12.7680
5.0359	0.0144	12.7680
5.0370	0.0080	12.7680
5.0315	0.0110	12.7680
5.0435	0.0075	12.7680
5.0436	0.0064	12.7680
5.0328	0.0112	12.7680
5.0430	0.0099	12.7680
5.0326	0.0140	12.7680
5.0443	0.0114	12.7680
5.0302	0.0112	12.7680
5.0431	0.0092	12.7680
5.0430	0.0114	12.7680
5.0387	0.0132	12.7680
5.0411	0.0133	12.7680
5.0405	0.0131	12.7680
5.0350	0.0125	12.7680
5.0332	0.0116	12.7680
5.0420	0.0111	12.7680
5.0322	0.0141	12.7680
5.0363	0.0118	12.7680
5.0283	0.0137	12.7680
5.0351	0.0127	12.7680
5.0334	0.0116	12.7680
5.0369	0.0103	12.7680
5.0437	0.0084	12.7680
5.0307	0.0088	12.7680
5.0409	0.0064	12.7680
5.0275	0.0087	12.7680
5.0453	0.0096	12.7680
5.0366	0.0175	12.7680
5.0382	0.0095	12.7680
5.0421	0.0111	12.7680
5.0423	0.0080	12.7680
5.0373	0.0075	12.7680
5.0374	0.0100	12.7680
5.0319	0.0145	12.7680
5.0291	0.0077	12.7680
5.0355	0.0125	12.7680
5.0328	0.0114	12.7680
5.0383	0.0114	12.7680
5.0277	0.0154	12.7680
5.0411	0.0095	12.7680
5.0329	0.0125	12.7680
5.0429	0.0134	12.7680
5.0361	0.0064	12.7680
5.0231	0.0137	12.7680
5.0263	0.0121	12.7680
5.0316	0.0132	12.7680
5.0364	0.0088	12.7680
5.0287	0.0098	12.7680
5.0432	0.0120	12.7680
5.0395	0.0094	12.7680
5.0345	0.0174	12.7680
5.0425	0.0123	12.7680
5.0303	0.0112	12.7680
5.0301	0.0138	12.7680
5.0233	0.0141	12.7680
5.0367	0.0101	12.7680
5.0321	0.0134	12.7680
5.0377	0.0085	12.7680
5.0333	0.0088	12.7680
5.0322	0.0173	12.7680
5.0323	0.0132	12.7680
5.0230	0.0082	12.7680
5.0261	0.0122	12.7680
5.0323	0.0116	12.7680
5.0364	0.0084	12.7680
5.0342	0.0058	12.7680
5.0293	0.0093	12.7680
5.0281	0.0105	12.7680
5.0333	0.0131	12.7680
5.0261	0.0129	12.7680
5.0312	0.0102	12.7680
5.0273	0.0120	12.7680
5.0322	0.0109	12.7680
5.0300	0.0096	12.7680
5.0282	0.0111	12.7680
5.0335	0.0118	12.7680
5.0268	0.0105	12.7680
5.0238	0.0117	12.7680
5.0167	0.0109	12.7680
5.0343	0.0050	12.7680
5.0345	0.0096	12.7680
5.0319	0.0092	12.7680
5.0382	0.0089	12.7680
5.0385	0.0083	12.7680
5.0287	0.0108	12.7680
5.0242	0.0163	12.7680
5.0302	0.0113	12.7680
5.0324	0.0095	12.7680
5.0296	0.0137	12.7680
5.0284	0.0121	12.7680
5.0311	0.0106	12.7680
5.0313	0.0095	12.7680
5.0228	0.0088	12.7680
5.0293	0.0088	12.7680
5.0261	0.0114	12.7680
5.0293	0.0133	12.7680
5.0311	0.0112	12.7680
5.0289	0.0116	12.7680
5.0335	0.0105	12.7680
5.0248	0.0051	12.7680
5.0416	0.0084	12.7680
5.0329	0.0095	12.7680
5.0366	0.0098	12.7680
5.0372	0.0113	12.7680
5.0224	0.0104	12.7680
5.0213	0.0101	12.7680
5.0233	0.0085	12.7680
5.0202	0.0135	12.7680
5.0288	0.0146	12.7680
5.0220	0.0096	12.7680
5.0253	0.0126	12.7680
5.0327	0.0095	12.7680
5.0253	0.0080	12.7680
5.0293	0.0114	12.7680
5.0231	0.0115	12.7680
5.0358	0.0114	12.7680
5.0318	0.0130	12.7680
5.0301	0.0099	12.7680
5.0316	0.0107	12.7680
5.0340	0.0082	12.7680
5.0344	0.0091	12.7680
5.0352	0.0105	12.7680
5.0361	0.0126	12.7680
5.0263	0.0098	12.7680
5.0361	0.0091	12.7680
5.0177	0.0156	12.7680
5.0245	0.0125	12.7680
5.0203	0.0093	12.7680
5.0345	0.0121	12.7680
5.0234	0.0117	12.7680
5.0241	0.0106	12.7680
5.0287	0.0142	12.7680
5.0320	0.0105	12.7680
5.0306	0.0102	12.7680
5.0349	0.0113	12.7680
4.9827	0.0450	13.2760
4.9673	0.0141	12.9640
5.0206	0.0117	12.9640
5.0304	0.0111	12.9640
5.0329	0.0131	12.9640
5.0274	0.0081	12.9640
5.0391	0.0081	12.9640
5.0282	0.0076	12.9640
5.0414	0.0138	12.9640
5.0260	0.0151	12.9640
5.0366	0.0141	12.9640
5.0374	0.0130	12.9640
5.0328	0.0108	12.9640
5.0513	0.0114	12.9640
5.0418	0.0187	12.9640
5.0393	0.0191	12.9640
5.0532	0.0093	12.9640
5.0482	0.0125	12.9640
5.0483	0.0098	12.9640
5.0516	0.0141	12.9640
5.0470	0.0133	12.9640
5.0445	0.0136	12.9640
5.0437	0.0078	12.9640
5.0547	0.0159	12.9640
5.0526	0.0105	12.9640
5.0614	0.0089	12.9640
5.0528	0.0144	12.9640
5.0518	0.0061	12.9640
5.0621	0.0094	12.9640
5.0522	0.0175	12.9640
5.0635	0.0100	12.9640
5.0620	0.0140	12.9640
5.0670	0.0113	12.9640
5.0636	0.0092	12.9640
5.0533	0.0094	12.9640
5.0563	0.0149	12.9640
5.0574	0.0151	12.9640
5.0645	0.0085	12.9640
5.0589	0.0068	12.9640
5.0591	0.0208	12.9640
5.0749	0.0147	12.9640
5.0593	0.0119	12.9640
5.0617	0.0131	12.9640
5.0664	0.0098	12.9640
5.0643	0.0099	12.9640
5.0631	0.0174	12.9640
5.0595	0.0143	12.9640
5.0661	0.0119	12.9640
5.0809	0.0123	12.9640
5.0674	0.0094	12.9640
5.0793	0.0074	12.9640
5.0787	0.0086	12.9640
5.0807	0.0094	12.9640
5.0840	0.0144	12.9640
5.0728	0.0109	12.9640
5.0701	0.0184	12.9640
5.0773	0.0125	12.9640
5.0776	0.0117	12.9640
5.0646	0.0133	12.9640
5.0809	0.0150	12.9640
5.0778	0.0188	12.9640
5.0782	0.0129	12.9640
5.0795	0.0155	12.9640
5.0787	0.0144	12.9640
5.0806	0.0113	12.9640
5.0663	0.0102	12.9640
5.0748	0.0161	12.9640
5.0756	0.0062	12.9640
5.0788	0.0116	12.9640
5.0642	0.0099	12.9640
5.0630	0.0132	12.9640
5.0766	0.0119	12.9640
5.0797	0.0090	12.9640
5.0717	0.0172	12.9640
5.0760	0.0089	12.9640
5.0669	0.0117	12.9640
5.0776	0.0101	12.9640
5.0805	0.0197	12.9640
5.0724	0.0197	12.9640
5.0750	0.0137	12.9640
5.0839	0.0250	12.9640
5.0607	0.0099	12.9640
5.0622	0.0135	12.9640
5.0822	0.0090	12.9640
5.0642	0.0159	12.9640
5.0756	0.0146	12.9640
5.0703	0.0136	12.9640
5.0704	0.0101	12.9640
5.0741	0.0147	12.9640
5.0690	0.0149	12.9640
5.0691	0.0137	12.9640
5.0737	0.0150	12.9640
5.0821	0.0142	12.9640
5.0808	0.0106	12.9640
5.0705	0.0133	12.9640
5.0820	0.0096	12.9640
5.0734	0.0144	12.9640
5.0898	0.0146	12.9640
5.0704	0.0109	12.9640
5.0825	0.0106	12.9640
5.0880	0.0127	12.9640
5.0782	0.0135	12.9640
5.0721	0.0176	12.9640
5.0853	0.0162	12.9640
5.0863	0.0099	12.9640
5.0765	0.0154	12.9640
5.0849	0.0085	12.9640
5.0829	0.0094	12.9640
5.0684	0.0114	12.9640
5.0872	0.0121	12.9640
5.0876	0.0110	12.9640
5.0869	0.0087	12.9640
5.0687	0.0113	12.9640
5.0869	0.0127	12.9640
5.0739	0.0122	12.9640
5.0882	0.0157	12.9640
5.0857	0.0093	12.9640
5.0774	0.0136	12.9640
5.0831	0.0180	12.9640
5.0830	0.0129	12.9640
5.0862	0.0112	12.9640
5.0859	0.0186	12.9640
5.0946	0.0097	12.9640
5.0943	0.0124	12.9640
5.0934	0.0121	12.9640
5.0950	0.0099	12.9640
5.0862	0.0072	12.9640
5.0921	0.0140	12.9640
5.0934	0.0101	12.9640
5.0961	0.0150	12.9640
5.0919	0.0290	12.9640
5.0975	0.0099	12.9640
5.1024	0.0238	12.9640
5.0994	0.0121	12.9640
5.1000	0.0088	12.9640
5.0975	0.0099	12.9640
5.1084	0.0094	12.9640
5.0985	0.0089	12.9640
5.0931	0.0148	12.9640
5.0917	0.0095	12.9640
5.0921	0.0120	12.9640
5.1000	0.0131	12.9640
5.0902	0.0181	12.9640
5.1021	0.0114	12.9640
5.0890	0.0113	12.9640
5.0944	0.0116	12.9640
5.1050	0.0185	12.9640
5.1025	0.0194	12.9640
5.0982	0.0105	12.9640
5.1055	0.0123	12.9640
5.1029	0.0141	12.9640
5.1036	0.0094	12.9640
5.1117	0.0085	12.9640
5.1038	0.0103	12.9640
5.0923	0.0135	12.9640
5.1010	0.0196	12.9640
5.0999	0.0135	12.9640
5.1156	0.0092	12.9640
5.1064	0.0125	12.9640
5.1181	0.0080	12.9640
5.1043	0.0082	12.9640
5.1091	0.0121	12.9640
5.1029	0.0165	12.9640
5.0982	0.0157	12.9640
5.1028	0.0180	12.9640
5.1030	0.0140	12.9640
5.1104	0.0105	12.9640
5.0997	0.0110	12.9640
5.0943	0.0148	12.9640
5.0997	0.0109	12.9640
5.1014	0.0133	12.9640
5.0955	0.0170	12.9640
5.0970	0.0113	12.9640
5.0990	0.0117	12.9640
5.1008	0.0132	12.9640
5.1019	0.0116	12.9640
5.1008	0.0146	12.9640
5.0939	0.0152	12.9640
5.0989	0.0112	12.9640
5.1020	0.0127	12.9640
5.1057	0.0113	12.9640
5.1000	0.0083	12.9640
5.1040	0.0103	12.9640
5.1029	0.0092	12.9640
5.1055	0.0113	12.9640
5.1113	0.0172	12.9640
5.1182	0.0082	12.9640
5.1037	0.0116	12.9640
5.1026	0.0144	12.9640
5.1040	0.0168	12.9640
5.0980	0.0109	12.9640
5.1172	0.0079	12.9640
5.0993	0.0205	12.9640
5.0983	0.0117	12.9640
5.0965	0.0219	12.9640
5.1044	0.0116	12.9640
5.0958	0.0113	12.9640
5.1202	0.0068	12.9640
5.0979	0.0113	12.9640
5.1007	0.0106	12.9640
5.1055	0.0145	12.9640
5.1119	0.0084	12.9640
5.0998	0.0117	12.9640
5.1086	0.0125	12.9640
5.1085	0.0152	12.9640
5.0986	0.0128	12.9640
5.1094	0.0122	12.9640
5.1061	0.0155	12.9640
5.1093	0.0170	12.9640
5.0989	0.0151	12.9640
5.1132	0.0135	12.9640
5.1064	0.0113	12.9640
5.1122	0.0148	12.9640
5.1069	0.0164	12.9640
5.1126	0.0103	12.9640
5.1108	0.0151	12.9640
5.1062	0.0136	12.9640
5.1060	0.0098	12.9640
5.1154	0.0107	12.9640
5.1083	0.0129	12.9640
5.1084	0.0102	12.9640
5.1058	0.0096	12.9640
5.1112	0.0167	12.9640
5.1068	0.0082	12.9640
5.1196	0.0130	12.9640
5.1208	0.0076	12.9640
5.1141	0.0109	12.9640
5.1036	0.0115	12.9640
5.1129	0.0090	12.9640
5.1158	0.0128	12.9640
5.1069	0.0162	12.9640
5.1067	0.0102	12.9640
5.1108	0.0138	12.9640
5.1112	0.0155	12.9640
5.1067	0.0148	12.9640
5.1126	0.0143	12.9640
5.1190	0.0181	12.9640
5.1146	0.0110	12.9640
5.1211	0.0185	12.9640
5.1192	0.0128	12.9640
5.1247	0.0056	12.9640
5.1245	0.0129	12.9640
5.1103	0.0120	12.9640
5.1060	0.0106	12.9640
5.1116	0.0176	12.9640
5.1158	0.0093	12.9640
5.1107	0.0069	12.9640
5.1108	0.0133	12.9640
5.1249	0.0136	12.9640
5.1185	0.0076	12.9640
5.1121	0.0150	12.9640
5.1197	0.0105	12.9640
5.1140	0.0069	12.9640
5.1127	0.0191	12.9640
5.1137	0.0145	12.9640
5.1272	0.0103	12.9640
5.1165	0.0089	12.9640
5.1087	0.0101	12.9640
5.1104	0.0128	12.9640
5.1082	0.0146	12.9640
5.1232	0.0109	12.9640
5.1128	0.0140	12.9640
5.1181	0.0099	12.9640
5.1153	0.0155	12.9640
5.1244	0.0131	12.9640
5.1266	0.0247	12.9640
5.1294	0.0100	12.9640
5.1247	0.0116	12.9640
5.1235	0.0195	12.9640
5.1190	0.0085	12.9640
5.1252	0.0087	12.9640
5.1160	0.0178	12.9640
5.1216	0.0127	12.9640
5.1047	0.0116	12.9640
5.1194	0.0169	12.9640
5.1203	0.0141	12.9640
5.1101	0.0146	12.9640
5.1219	0.0183	12.9640
5.1044	0.0126	12.9640
5.1162	0.0136	12.9640
5.1235	0.0079	12.9640
5.1263	0.0069	12.9640
5.1222	0.0070	12.9640
5.1109	0.0103	12.9640
5.1162	0.0096	12.9640
5.1120	0.0092	12.9640
5.1065	0.0181	12.9640
5.1102	0.0102	12.9640
5.1235	0.0134	12.9640
5.1266	0.0102	12.9640
5.1195	0.0097	12.9640
5.1197	0.0142	12.9640
5.1310	0.0044	12.9640
5.1253	0.0136	12.9640
5.1236	0.0163	12.9640
5.1216	0.0123	12.9640
5.1999	0.0118	12.6840
5.1430	0.0115	12.6840
5.1306	0.0097	12.6840
5.1293	0.0113	12.6840
5.1268	0.0147	12.6840
5.1260	0.0099	12.6840
5.1242	0.0143	12.6840
5.1218	0.0077	12.6840
5.1297	0.0156	12.6840
5.1248	0.0164	12.6840
5.1371	0.0090	12.6840
5.1274	0.0093	12.6840
5.1199	0.0167	12.6840
5.1205	0.0099	12.6840
5.1230	0.0096	12.6840
5.1188	0.0140	12.6840
5.1242	0.0073	12.6840
5.1180	0.0092	12.6840
5.1296	0.0116	12.6840
5.1213	0.0158	12.6840
5.1187	0.0091	12.6840
5.1121	0.0072	12.6840
5.1232	0.0102	12.6840
5.1111	0.0084	12.6840
5.1110	0.0189	12.6840
5.1140	0.0107	12.6840
5.1083	0.0139	12.6840
5.1229	0.0071	12.6840
5.1074	0.0156	12.6840
5.1197	0.0085	12.6840
5.1099	0.0163	12.6840
5.1238	0.0144	12.6840
5.1174	0.0076	12.6840
5.1038	0.0140	12.6840
5.1123	0.0135	12.6840
5.1136	0.0162	12.6840
5.1183	0.0121	12.6840
5.1207	0.0144	12.6840
5.1055	0.0108	12.6840
5.1104	0.0148	12.6840
5.1070	0.0132	12.6840
5.1073	0.0101	12.6840
5.1164	0.0097	12.6840
5.1060	0.0135	12.6840
5.1059	0.0117	12.6840
5.1041	0.0097	12.6840
5.1118	0.0082	12.6840
5.1098	0.0124	12.6840
5.1062	0.0153	12.6840
5.1133	0.0067	12.6840
5.1115	0.0134	12.6840
5.0993	0.0132	12.6840
5.1007	0.0100	12.6840
5.1005	0.0099	12.6840
5.1017	0.0122	12.6840
5.0970	0.0135	12.6840
5.0952	0.0152	12.6840
5.1077	0.0091	12.6840
5.0980	0.0094	12.6840
5.1043	0.0104	12.6840
5.1075	0.0116	12.6840
5.0991	0.0125	12.6840
5.1028	0.0088	12.6840
5.1103	0.0104	12.6840
5.1015	0.0160	12.6840
5.1009	0.0122	12.6840
5.1065	0.0120	12.6840
5.1011	0.0119	12.6840
5.1016	0.0104	12.6840
5.0958	0.0098	12.6840
5.1002	0.0113	12.6840
5.1082	0.0109	12.6840
5.0999	0.0195	12.6840
5.1037	0.0101	12.6840
5.0964	0.0123	12.6840
5.1077	0.0121	12.6840
5.1013	0.0119	12.6840
5.0963	0.0085	12.6840
5.1055	0.0138	12.6840
5.0920	0.0107	12.6840
5.0975	0.0141	12.6840
5.0974	0.0127	12.6840
5.0917	0.0085	12.6840
5.0922	0.0092	12.6840
5.0931	0.0099	12.6840
5.0997	0.0090	12.6840
5.1009	0.0135	12.6840
5.0929	0.0166	12.6840
5.0975	0.0121	12.6840
5.0969	0.0109	12.6840
5.0951	0.0088	12.6840
5.0919	0.0118	12.6840
5.0897	0.0115	12.6840
5.1014	0.0110	12.6840
5.0871	0.0130	12.6840
5.0928	0.0105	12.6840
5.0950	0.0161	12.6840
5.0869	0.0090	12.6840
5.0952	0.0136	12.6840
5.1042	0.0090	12.6840
5.1050	0.0088	12.6840
5.1042	0.0102	12.6840
5.0969	0.0123	12.6840
5.0991	0.0134	12.6840
5.0942	0.0121	12.6840
5.0888	0.0126	12.6840
5.1048	0.0089	12.6840
5.0944	0.0186	12.6840
5.0975	0.0093	12.6840
5.0968	0.0091	12.6840
5.1015	0.0059	12.6840
5.1026	0.0075	12.6840
5.0953	0.0107	12.6840
5.0977	0.0105	12.6840
5.0894	0.0105	12.6840
5.1013	0.0120	12.6840
5.0914	0.0148	12.6840
5.0900	0.0120	12.6840
5.0946	0.0113	12.6840
5.0941	0.0159	12.6840
5.1014	0.0068	12.6840
5.0904	0.0106	12.6840
5.0951	0.0162	12.6840
5.1015	0.0106	12.6840
5.0841	0.0149	12.6840
5.0904	0.0109	12.6840
5.0870	0.0118	12.6840
5.0936	0.0050	12.6840
5.0960	0.0114	12.6840
5.0869	0.0105	12.6840
5.0919	0.0152	12.6840
5.0866	0.0158	12.6840
5.0881	0.0070	12.6840
5.0823	0.0117	12.6840
5.0895	0.0130	12.6840
5.0919	0.0094	12.6840
5.0809	0.0097	12.6840
5.0971	0.0135	12.6840
5.0940	0.0112	12.6840
5.0886	0.0158	12.6840
5.0912	0.0124	12.6840
5.0966	0.0097	12.6840
5.1044	0.0078	12.6840
5.0888	0.0132	12.6840
5.0868	0.0155	12.6840
5.0951	0.0118	12.6840
5.0880	0.0175	12.6840
5.0874	0.0093	12.6840
5.0828	0.0135	12.6840
5.0933	0.0116	12.6840
5.0827	0.0127	12.6840
5.0930	0.0115	12.6840
5.0903	0.0092	12.6840
5.0887	0.0118	12.6840
5.0918	0.0101	12.6840
5.0888	0.0099	12.6840
5.0827	0.0123	12.6840
5.0874	0.0070	12.6840
5.0863	0.0127	12.6840
5.0825	0.0100	12.6840
5.0910	0.0123	12.6840
5.0840	0.0118	12.6840
5.0855	0.0121	12.6840
5.0855	0.0151	12.6840
5.0879	0.0085	12.6840
5.0937	0.0118	12.6840
5.0889	0.0171	12.6840
5.0764	0.0171	12.6840
5.0816	0.0089	12.6840
5.0893	0.0122	12.6840
5.0903	0.0078	12.6840
5.0808	0.0173	12.6840
5.0936	0.0157	12.6840
5.0764	0.0122	12.6840
5.0804	0.0127	12.6840
5.0864	0.0099	12.6840
5.0796	0.0116	12.6840
5.0958	0.0091	12.6840
5.0889	0.0143	12.6840
5.0828	0.0072	12.6840
5.0961	0.0083	12.6840
5.0815	0.0172	12.6840
5.0872	0.0125	12.6840
5.0901	0.0109	12.6840
5.0844	0.0128	12.6840
5.0759	0.0111	12.6840
5.0794	0.0097	12.6840
5.0877	0.0148	12.6840
5.0886	0.0100	12.6840
5.0962	0.0162	12.6840
5.0818	0.0141	12.6840
5.0890	0.0066	12.6840
5.0941	0.0086	12.6840
5.0830	0.0033	12.6840
5.0811	0.0115	12.6840
5.0797	0.0151	12.6840
5.0771	0.0162	12.6840
5.0868	0.0066	12.6840
5.0883	0.0084	12.6840
5.0866	0.0136	12.6840
5.0753	0.0100	12.6840
5.0814	0.0133	12.6840
5.0814	0.0149	12.6840
5.0796	0.0118	12.6840
5.0847	0.0129	12.6840
5.0848	0.0108	12.6840
5.0843	0.0108	12.6840
5.0804	0.0093	12.6840
5.0874	0.0127	12.6840
5.0821	0.0117	12.6840
5.0749	0.0141	12.6840
5.0906	0.0084	12.6840
5.0710	0.0129	12.6840
5.0859	0.0152	12.6840
5.0720	0.0121	12.6840
5.0865	0.0104	12.6840
5.0795	0.0123	12.6840
5.0852	0.0129	12.6840
5.0846	0.0076	12.6840
5.0771	0.0179	12.6840
5.0809	0.0069	12.6840
5.0843	0.0167	12.6840
5.0867	0.0099	12.6840
5.0880	0.0072	12.6840
5.0759	0.0121	12.6840
5.0907	0.0131	12.6840
5.0830	0.0152	12.6840
5.0755	0.0087	12.6840
5.0817	0.0137	12.6840
5.0834	0.0082	12.6840
5.0791	0.0096	12.6840
5.0788	0.0138	12.6840
5.0868	0.0058	12.6840
5.0885	0.0099	12.6840
5.0807	0.0196	12.6840
5.0748	0.0101	12.6840
5.0716	0.0081	12.6840
5.0858	0.0139	12.6840
5.0739	0.0083	12.6840
5.0860	0.0080	12.6840
5.0741	0.0126	12.6840
5.0780	0.0138	12.6840
5.0713	0.0140	12.6840
5.0794	0.0108	12.6840
5.0846	0.0079	12.6840
5.0811	0.0123	12.6840
5.0767	0.0119	12.6840
5.0789	0.0070	12.6840
5.0811	0.0104	12.6840
5.0805	0.0148	12.6840
5.0795	0.0116	12.6840
5.0781	0.0168	12.6840
5.0709	0.0129	12.6840
5.0803	0.0099	12.6840
5.0761	0.0195	12.6840
5.0829	0.0186	12.6840
5.0828	0.0073	12.6840
5.0716	0.0144	12.6840
5.0790	0.0135	12.6840
5.0807	0.0099	12.6840
5.0726	0.0156	12.6840
5.0705	0.0116	12.6840
5.0744	0.0099	12.6840
5.0804	0.0144	12.6840
5.0755	0.0105	12.6840
5.0823	0.0077	12.6840
5.0749	0.0128	12.6840
5.0777	0.0091	12.6840
5.0771	0.0103	12.6840
5.0838	0.0089	12.6840
5.0843	0.0094	12.6840
5.0795	0.0144	12.6840
5.0802	0.0098	12.6840
5.0721	0.0072	12.6840
5.0823	0.0100	12.6840
5.0768	0.0120	12.6840
5.0715	0.0139	12.6840
5.0664	0.0104	12.6840
5.0713	0.0118	12.6840
5.0708	0.0102	12.6840
5.0689	0.0105	12.6840
5.0713	0.0167	12.6840
5.0720	0.0160	12.6840
5.0749	0.0121	12.6840
5.0699	0.0117	12.6840
5.0837	0.0096	12.6840
5.0815	0.0108	12.6840
5.0792	0.0108	12.6840
5.0839	0.0064	12.6840
5.0762	0.0152	12.6840
5.0867	0.0095	12.6840
5.0821	0.0140	12.6840
5.0686	0.0111	12.6840
5.0811	0.0124	12.6840
5.0848	0.0075	12.6840
5.0699	0.0151	12.6840
5.0781	0.0142	12.6840
5.0714	0.0101	12.6840
5.0789	0.0134	12.6840
5.0824	0.0085	12.6840
5.0732	0.0096	12.6840
5.0754	0.0157	12.6840
5.0757	0.0120	12.6840
5.0772	0.0099	12.6840
5.0824	0.0112	12.6840
5.0835	0.0144	12.6840
5.0794	0.0108	12.6840
5.0813	0.0124	12.6840
5.0817	0.0111	12.6840
5.0793	0.0122	12.6840
5.0778	0.0100	12.6840
5.0736	0.0103	12.6840
5.0797	0.0089	12.6840
5.0704	0.0154	12.6840
5.0778	0.0116	12.6840
5.0731	0.0113	12.6840
5.0764	0.0118	12.6840
5.0746	0.0105	12.6840
5.0718	0.0094	12.6840
5.0791	0.0112	12.6840
5.0788	0.0100	12.6840
5.0802	0.0080	12.6840
5.0686	0.0137	12.6840
5.0715	0.0113	12.6840
5.0735	0.0095	12.6840
5.0786	0.0145	12.6840
5.0712	0.0096	12.6840
5.0824	0.0091	12.6840
5.0659	0.0095	12.6840
5.0774	0.0117	12.6840
5.0734	0.0132	12.6840
5.0700	0.0153	12.6840
5.0692	0.0133	12.6840
5.0684	0.0126	12.6840
5.0715	0.0180	12.6840
5.0728	0.0092	12.6840
5.0777	0.0084	12.6840
5.0713	0.0116	12.6840
5.0812	0.0098	12.6840
5.0810	0.0092	12.6840
5.0722	0.0150	12.6840
5.0703	0.0110	12.6840
5.0819	0.0107	12.6840
5.0853	0.0060	12.6840
5.0792	0.0126	12.6840
5.0666	0.0106	12.6840
5.0810	0.0085	12.6840
5.0690	0.0129	12.6840
5.0810	0.0087	12.6840
5.0664	0.0123	12.6840
5.0824	0.0089	12.6840
5.0671	0.0105	12.6840
5.0794	0.0065	12.6840
5.0591	0.0130	12.6840
5.0785	0.0125	12.6840
5.0763	0.0106	12.6840
5.0714	0.0107	12.6840
5.0713	0.0091	12.6840
5.0663	0.0100	12.6840
5.0711	0.0142	12.6840
5.0750	0.0103	12.6840
5.0780	0.0068	12.6840
5.0658	0.0091	12.6840
5.0646	0.0126	12.6840
5.0708	0.0121	12.6840
5.0706	0.0071	12.6840
5.0668	0.0158	12.6840
5.0709	0.0139	12.6840
5.0763	0.0095	12.6840
5.0753	0.0102	12.6840
5.0600	0.0110	12.6840
5.0688	0.0102	12.6840
5.0727	0.0107	12.6840
5.0680	0.0108	12.6840
5.0744	0.0096	12.6840
5.0602	0.0095	12.6840
5.0787	0.0081	12.6840
5.0741	0.0125	12.6840
5.0776	0.0127	12.6840
5.0708	0.0223	12.6840
5.0667	0.0081	12.6840
5.0689	0.0155	12.6840
5.0755	0.0079	12.6840
5.0789	0.0074	12.6840
5.0667	0.0115	12.6840
5.0781	0.0111	12.6840
5.0646	0.0106	12.6840
5.0777	0.0085	12.6840
5.0671	0.0118	12.6840
5.0759	0.0066	12.6840
5.0658	0.0114	12.6840
5.0667	0.0113	12.6840
5.0698	0.0082	12.6840
5.0576	0.0100	12.6840
5.0754	0.0138	12.6840
5.0712	0.0091	12.6840
5.0695	0.0143	12.6840
5.0645	0.0109	12.6840
5.0678	0.0102	12.6840
5.0760	0.0109	12.6840
5.0675	0.0135	12.6840
5.0765	0.0074	12.6840
5.0766	0.0117	12.6840
5.0720	0.0137	12.6840
5.0760	0.0116	12.6840
5.0596	0.0094	12.6840
5.0747	0.0047	12.6840
5.0693	0.0088	12.6840
5.0708	0.0189	12.6840
5.0744	0.0086	12.6840
5.0705	0.0108	12.6840
5.0635	0.0110	12.6840
5.0590	0.0114	12.6840
5.0610	0.0140	12.6840
5.0721	0.0111	12.6840
5.0721	0.0114	12.6840
5.0740	0.0151	12.6840
5.0687	0.0137	12.6840
5.0720	0.0083	12.6840
5.0627	0.0091	12.6840
5.0721	0.0112	12.6840
5.0729	0.0133	12.6840
5.0631	0.0129	12.6840
5.0723	0.0179	12.6840
5.0668	0.0100	12.6840
5.0764	0.0107	12.6840
5.0733	0.0124	12.6840
5.0626	0.0098	12.6840
5.0717	0.0098	12.6840
5.0686	0.0150	12.6840
5.0611	0.0112	12.6840
5.0780	0.0059	12.6840
5.0627	0.0136	12.6840
5.0732	0.0081	12.6840
5.0703	0.0090	12.6840
5.0723	0.0077	12.6840
5.0736	0.0080	12.6840
5.0768	0.0101	12.6840
5.0690	0.0148	12.6840
5.0725	0.0097	12.6840
5.0642	0.0085	12.6840
5.0715	0.0100	12.6840
5.0694	0.0057	12.6840
5.0699	0.0104	12.6840
5.0741	0.0072	12.6840
5.0633	0.0148	12.6840
5.0674	0.0098	12.6840
5.0684	0.0185	12.6840
5.0610	0.0108	12.6840
5.0726	0.0116	12.6840
5.0699	0.0101	12.6840
5.0700	0.0105	12.6840
5.0753	0.0104	12.6840
5.0643	0.0164	12.6840
5.0648	0.0110	12.6840
5.0706	0.0133	12.6840
5.0739	0.0081	12.6840
5.0682	0.0065	12.6840
5.0635	0.0087	12.6840
5.0658	0.0151	12.6840
5.0730	0.0085	12.6840
5.0638	0.0079	12.6840
5.0581	0.0145	12.6840
5.0589	0.0113	12.6840
5.0613	0.0136	12.6840
5.0658	0.0104	12.6840
5.0640	0.0092	12.6840
5.0615	0.0181	12.6840
5.0511	0.0100	12.6840
5.0576	0.0146	12.6840
5.0710	0.0082	12.6840
5.0674	0.0165	12.6840
5.0614	0.0130	12.6840
5.0631	0.0121	12.6840
5.0600	0.0184	12.6840
5.0682	0.0110	12.6840
5.0563	0.0105	12.6840
5.0669	0.0177	12.6840
5.0582	0.0120	12.6840
5.0586	0.0101	12.6840
5.0619	0.0120	12.6840
5.0662	0.0077	12.6840
5.0618	0.0097	12.6840
5.0555	0.0106	12.6840
5.0646	0.0138	12.6840
5.0756	0.0129	12.6840
5.0707	0.0084	12.6840
5.0595	0.0099	12.6840
5.0568	0.0135	12.6840
5.0525	0.0098	12.6840
5.0564	0.0161	12.6840
5.0717	0.0081	12.6840
5.0586	0.0122	12.6840
5.0566	0.0109	12.6840
5.0665	0.0178	12.6840
5.0598	0.0118	12.6840
5.0647	0.0134	12.6840
5.0623	0.0145	12.6840
5.0626	0.0191	12.6840
5.0689	0.0070	12.6840
5.0641	0.0096	12.6840
5.0580	0.0082	12.6840
5.0641	0.0086	12.6840
5.0598	0.0136	12.6840
5.0661	0.0056	12.6840
5.0704	0.0102	12.6840
5.0549	0.0118	12.6840
5.0683	0.0111	12.6840
5.0618	0.0139	12.6840
5.0570	0.0124	12.6840
5.0698	0.0109	12.6840
5.0603	0.0099	12.6840
5.0598	0.0143	12.6840
5.0683	0.0075	12.6840
5.0534	0.0122	12.6840
5.0677	0.0116	12.6840
5.0626	0.0118	12.6840
5.0644	0.0118	12.6840
5.0731	0.0076	12.6840
5.0594	0.0090	12.6840
5.0635	0.0097	12.6840
5.0594	0.0129	12.6840
5.0500	0.0101	12.6840
5.0709	0.0076	12.6840
5.0571	0.0151	12.6840
5.0659	0.0100	12.6840
5.0731	0.0100	12.6840
5.0635	0.0126	12.6840
5.0704	0.0136	12.6840
5.0608	0.0105	12.6840
5.0582	0.0112	12.6840
5.0693	0.0028	12.6840
5.0588	0.0126	12.6840
5.0603	0.0152	12.6840
5.0622	0.0110	12.6840
5.0599	0.0124	12.6840
5.0579	0.0173	12.6840
5.0535	0.0100	12.6840
5.0572	0.0127	12.6840
5.0577	0.0104	12.6840
5.0658	0.0169	12.6840
5.0593	0.0161	12.6840
5.0604	0.0096	12.6840
5.0614	0.0116	12.6840
5.0640	0.0097	12.6840
5.0635	0.0149	12.6840
5.0491	0.0098	12.6840
5.0758	0.0069	12.6840
5.0561	0.0111	12.6840
5.0613	0.0055	12.6840
5.0526	0.0102	12.6840
5.0570	0.0142	12.6840
5.0627	0.0069	12.6840
5.0608	0.0098	12.6840
5.0606	0.0148	12.6840
5.0556	0.0140	12.6840
5.0640	0.0131	12.6840
5.0586	0.0115	12.6840
5.0603	0.0138	12.6840
5.0601	0.0132	12.6840
5.0596	0.0083	12.6840
5.0590	0.0147	12.6840
5.0551	0.0121	12.6840
5.0561	0.0173	12.6840
5.0610	0.0172	12.6840
5.0552	0.0177	12.6840
5.0589	0.0108	12.6840
5.0631	0.0056	12.6840
5.0649	0.0120	12.6840
5.0627	0.0175	12.6840
5.0546	0.0119	12.6840
5.0515	0.0123	12.6840
5.0593	0.0184	12.6840
5.0578	0.0115	12.6840
5.0628	0.0115	12.6840
5.0594	0.0097	12.6840
5.0669	0.0080	12.6840
5.0662	0.0130	12.6840
5.0606	0.0111	12.6840
5.0573	0.0103	12.6840
5.0556	0.0099	12.6840
5.0722	0.0078	12.6840
5.0585	0.0086	12.6840
5.0658	0.0114	12.6840
5.0515	0.0150	12.6840
5.0556	0.0102	12.6840
5.0559	0.0156	12.6840
5.0694	0.0134	12.6840
5.0626	0.0107	12.6840
5.0623	0.0097	12.6840
5.0681	0.0103	12.6840
5.0512	0.0123	12.6840
5.0692	0.0118	12.6840
5.0658	0.0141	12.6840
5.0591	0.0104	12.6840
5.0546	0.0067	12.6840
5.0653	0.0132	12.6840
5.0536	0.0074	12.6840
5.0687	0.0066	12.6840
5.0660	0.0123	12.6840
5.0540	0.0098	12.6840
5.0641	0.0137	12.6840
5.0627	0.0097	12.6840
5.0551	0.0100	12.6840
5.0620	0.0133	12.6840
5.0672	0.0061	12.6840
5.0641	0.0083	12.6840
5.0568	0.0145	12.6840
5.0615	0.0105	12.6840
5.0675	0.0117	12.6840
5.0632	0.0123	12.6840
5.0563	0.0126	12.6840
5.0616	0.0138	12.6840
5.0576	0.0143	12.6840
5.0623	0.0190	12.6840
5.0517	0.0133	12.6840
5.0617	0.0133	12.6840
5.0604	0.0101	12.6840
5.0551	0.0079	12.6840
5.0673	0.0116	12.6840
5.0598	0.0099	12.6840
5.0495	0.0120	12.6840
5.0652	0.0114	12.6840
5.0529	0.0088	12.6840
5.0612	0.0114	12.6840
5.0594	0.0155	12.6840
5.0562	0.0072	12.6840
5.0605	0.0115	12.6840
5.0542	0.0154	12.6840
5.0657	0.0089	12.6840
5.0675	0.0110	12.6840
5.0602	0.0134	12.6840
5.0568	0.0088	12.6840
5.0613	0.0118	12.6840
5.0567	0.0108	12.6840
5.0477	0.0137	12.6840
5.0634	0.0166	12.6840
5.0589	0.0152	12.6840
5.0632	0.0144	12.6840
5.0536	0.0135	12.6840
5.0596	0.0148	12.6840
5.0590	0.0130	12.6840
5.0566	0.0091	12.6840
5.0610	0.0163	12.6840
5.0583	0.0102	12.6840
5.0586	0.0140	12.6840
5.0642	0.0092	12.6840
5.0566	0.0095	12.6840
5.0676	0.0091	12.6840
5.0603	0.0124	12.6840
5.0557	0.0125	12.6840
5.0694	0.0137	12.6840
5.0584	0.0161	12.6840
5.0609	0.0108	12.6840
5.0477	0.0171	12.6840
5.0590	0.0097	12.6840
5.0572	0.0105	12.6840
5.0634	0.0109	12.6840
5.0515	0.0137	12.6840
5.0597	0.0083	12.6840
5.0660	0.0115	12.6840
5.0582	0.0101	12.6840
5.0620	0.0083	12.6840
5.0637	0.0129	12.6840
5.0509	0.0126	12.6840
5.0691	0.0100	12.6840
5.0608	0.0188	12.6840
5.0608	0.0106	12.6840
5.0600	0.0130	12.6840
5.0642	0.0114	12.6840
5.0518	0.0094	12.6840
5.0575	0.0073	12.6840
5.0466	0.0150	12.6840
5.0626	0.0081	12.6840
5.0632	0.0100	12.6840
5.0593	0.0147	12.6840
5.0586	0.0127	12.6840
5.0583	0.0082	12.6840
5.0539	0.0113	12.6840
5.0630	0.0136	12.6840
5.0533	0.0144	12.6840
5.0623	0.0159	12.6840
5.0559	0.0166	12.6840
5.0597	0.0108	12.6840
5.0556	0.0142	12.6840
5.0543	0.0109	12.6840
5.0596	0.0141	12.6840
5.0607	0.0168	12.6840
5.0604	0.0108	12.6840
5.0612	0.0103	12.6840
5.0597	0.0158	12.6840
5.0604	0.0106	12.6840
5.0617	0.0097	12.6840
5.0565	0.0115	12.6840
5.0638	0.0154	12.6840
4.6203	0.1121	12.9680
4.6097	0.0235	12.6760
4.7411	0.0200	12.3720
4.8589	0.0151	12.0760
4.9658	0.0075	11.7720
5.0447	0.0162	11.7720
5.0654	0.0142	11.7720
5.0913	0.0159	11.7720
5.0994	0.0090	11.7720
5.1159	0.0126	11.7720
5.1161	0.0184	11.7720
5.1382	0.0111	11.7720
5.1611	0.0088	11.4680
5.1197	0.0143	11.4680
5.1149	0.0111	11.4680
5.1320	0.0108	11.4680
5.1409	0.0106	11.4680
5.1420	0.0158	11.4680
5.1430	0.0140	11.4680
5.1526	0.0101	11.4680
5.1600	0.0100	11.4680
5.1511	0.0180	11.4680
5.1662	0.0083	11.7760
5.1110	0.0170	11.7760
5.1202	0.0165	11.7760
5.1132	0.0160	11.7760
5.1093	0.0117	11.7760
5.1170	0.0128	11.7760
5.1192	0.0187	11.7760
5.1338	0.0125	11.7760
5.1278	0.0133	11.7760
5.1157	0.0103	11.7760
5.1247	0.0119	11.7760
5.1301	0.0126	11.7760
5.1359	0.0151	11.7760
5.1346	0.0080	11.7760
5.1311	0.0031	11.7760
5.1458	0.0126	11.7760
5.1324	0.0152	11.7760
5.1378	0.0151	11.7760
5.1310	0.0149	11.7760
5.1384	0.0096	11.7760
5.1365	0.0110	11.7760
5.1440	0.0117	11.7760
5.1449	0.0131	11.7760
5.1405	0.0183	11.7760
5.1456	0.0134	11.7760
5.1581	0.0136	11.7760
5.1529	0.0136	11.7760
5.1547	0.0061	11.7760
5.1559	0.0097	11.7760
5.1498	0.0088	11.7760
5.1440	0.0138	11.7760
5.1494	0.0192	11.7760
5.1569	0.0188	11.7760
5.1474	0.0146	11.7760
5.1506	0.0138	11.7760
5.1549	0.0158	11.7760
5.1476	0.0155	11.7760
5.1548	0.0187	11.7760
5.1596	0.0136	11.7760
5.1648	0.0092	12.0600
5.1076	0.0106	12.0600
5.1075	0.0138	12.0600
5.1074	0.0116	12.0600
5.1189	0.0117	12.0600
5.1107	0.0113	12.0600
5.1146	0.0137	12.0600
5.1155	0.0071	12.0600
5.1146	0.0163	12.0600
5.1275	0.0083	12.0600
5.1135	0.0125	12.0600
5.1128	0.0156	12.0600
5.1176	0.0092	12.0600
5.1108	0.0159	12.0600
5.1100	0.0120	12.0600
5.1212	0.0141	12.0600
5.1166	0.0125	12.0600
5.1108	0.0101	12.0600
5.1160	0.0145	12.0600
5.1244	0.0154	12.0600
5.1197	0.0147	12.0600
5.1212	0.0117	12.0600
5.1303	0.0190	12.0600
5.1112	0.0209	12.0600
5.1250	0.0118	12.0600
5.1240	0.0102	12.0600
5.1371	0.0113	12.0600
5.1184	0.0162	12.0600
5.1195	0.0166	12.0600
5.1267	0.0112	12.0600
5.1297	0.0093	12.0600
5.1309	0.0118	12.0600
5.1155	0.0113	12.0600
5.1250	0.0127	12.0600
5.1183	0.0128	12.0600
5.1299	0.0174	12.0600
5.1261	0.0122	12.0600
5.1281	0.0132	12.0600
5.1289	0.0164	12.0600
5.1267	0.0170	12.0600
5.1366	0.0128	12.0600
5.1300	0.0229	12.0600
5.1355	0.0150	12.0600
5.1275	0.0162	12.0600
5.1400	0.0149	12.0600
5.1343	0.0136	12.0600
5.1341	0.0136	12.0600
5.1241	0.0150	12.0600
5.1371	0.0148	12.0600
5.1278	0.0165	12.0600
5.1326	0.0088	12.0600
5.1344	0.0099	12.0600
5.1392	0.0082	12.0600
5.1403	0.0136	12.0600
5.1362	0.0133	12.0600
5.1294	0.0122	12.0600
5.1360	0.0159	12.0600
5.1347	0.0107	12.0600
5.1351	0.0082	12.0600
5.1394	0.0108	12.0600
5.1433	0.0142	12.0600
5.1402	0.0102	12.0600
5.1393	0.0163	12.0600
5.1415	0.0108	12.0600
5.1397	0.0170	12.0600
5.1383	0.0177	12.0600
5.1374	0.0120	12.0600
5.1305	0.0171	12.0600
5.1397	0.0155	12.0600
5.1415	0.0167	12.0600
5.1347	0.0126	12.0600
5.1345	0.0135	12.0600
5.1460	0.0100	12.0600
5.1227	0.0181	12.0600
5.1372	0.0138	12.0600
5.1336	0.0137	12.0600
5.1381	0.0175	12.0600
5.1454	0.0105	12.0600
5.1487	0.0097	12.0600
5.1467	0.0124	12.0600
5.1476	0.0163	12.0600
5.1422	0.0122	12.0600
5.1394	0.0134	12.0600
5.1356	0.0143	12.0600
5.1367	0.0172	12.0600
5.1419	0.0160	12.0600
5.1424	0.0184	12.0600
5.1532	0.0113	12.0600
5.1474	0.0152	12.0600
5.1503	0.0084	12.0600
5.1452	0.0139	12.0600
5.1332	0.0177	12.0600
5.1519	0.0097	12.0600
5.1450	0.0175	12.0600
5.1491	0.0147	12.0600
5.1423	0.0177	12.0600
5.1476	0.0131	12.0600
5.1481	0.0113	12.0600
5.1461	0.0155	12.0600
5.1432	0.0102	12.0600
5.1299	0.0152	12.0600
5.1532	0.0094	12.3720
5.0680	0.0127	12.3720
5.0715	0.0154	12.3720
5.0622	0.0106	12.3720
5.0611	0.0095	12.3720
5.0600	0.0137	12.3720
5.0642	0.0144	12.3720
