#created automatically by Plunger Feedback Control for Linux (PFCL) 
#date: 26/03/2023 11.17
#order: spg. SD spg
#pc: DESKTOP-G0MI776
#run: 0061
#distcal: distcal_helium_24032023
#sollabstand: 3

7.3135	0.0193	4.1840
7.3121	0.0235	4.1840
7.3141	0.0190	4.1840
7.3171	0.0238	4.1840
7.3059	0.0197	4.1840
7.3086	0.0150	4.1840
7.3010	0.0204	4.1840
7.3148	0.0146	4.1840
7.3048	0.0207	4.1840
7.3186	0.0226	4.1840
7.3046	0.0327	4.1840
7.3008	0.0272	4.1840
7.3108	0.0262	4.1840
7.3284	0.0225	4.1840
7.3067	0.0159	4.1840
7.3228	0.0225	4.1840
7.3048	0.0267	4.1840
7.3137	0.0401	4.1840
7.3030	0.0275	4.1840
7.3279	0.0141	4.1840
7.3084	0.0273	4.1840
7.3129	0.0195	4.1840
7.3087	0.0191	4.1840
7.3058	0.0261	4.1840
7.3224	0.0191	4.1840
7.3085	0.0285	4.1840
7.3109	0.0216	4.1840
7.3131	0.0263	4.1840
7.3004	0.0307	4.1840
7.3118	0.0202	4.1840
7.3125	0.0301	4.1840
7.3019	0.0307	4.1840
7.3140	0.0208	4.1840
7.3121	0.0327	4.1840
7.2941	0.0237	4.1840
7.3047	0.0237	4.1840
7.3188	0.0188	4.1840
7.3226	0.0197	4.1840
7.3043	0.0212	4.1840
7.2982	0.0265	4.1840
7.2986	0.0163	4.1840
7.3025	0.0313	4.1840
7.3008	0.0319	4.1840
7.3055	0.0283	4.1840
7.3024	0.0242	4.1840
7.3255	0.0111	4.1840
7.3054	0.0213	4.1840
7.3211	0.0285	4.1840
7.3027	0.0232	4.1840
7.3073	0.0374	4.1840
7.3095	0.0231	4.1840
7.3233	0.0187	4.1840
7.3138	0.0235	4.1840
7.3022	0.0281	4.1840
7.3044	0.0377	4.1840
7.3028	0.0212	4.1840
7.3086	0.0207	4.1840
7.3092	0.0202	4.1840
7.3219	0.0175	4.1840
7.3102	0.0219	4.1840
7.3208	0.0213	4.1840
7.2983	0.0262	4.1840
7.3220	0.0180	4.1840
7.3247	0.0196	4.1840
7.3114	0.0320	4.1840
7.3030	0.0206	4.1840
7.3239	0.0274	4.1840
7.3132	0.0270	4.1840
7.3223	0.0200	4.1840
7.3054	0.0271	4.1840
7.3310	0.0280	4.1840
7.3105	0.0222	4.1840
7.3295	0.0253	4.1840
7.3127	0.0212	4.1840
7.3136	0.0172	4.1840
7.3038	0.0379	4.1840
7.3144	0.0296	4.1840
7.3052	0.0261	4.1840
7.3263	0.0159	4.1840
7.2895	0.0191	4.1840
7.3125	0.0189	4.1840
7.3127	0.0233	4.1840
7.3096	0.0266	4.1840
7.3023	0.0243	4.1840
7.2975	0.0299	4.1840
7.3223	0.0223	4.1840
7.3130	0.0152	4.1840
7.3084	0.0295	4.1840
7.3210	0.0170	4.1840
7.3214	0.0158	4.1840
7.3047	0.0356	4.1840
7.3283	0.0230	4.1840
7.3121	0.0306	4.1840
7.3172	0.0149	4.1840
7.3122	0.0221	4.1840
7.3273	0.0191	4.1840
7.3394	0.0142	4.1840
7.3051	0.0345	4.1840
7.3257	0.0158	4.1840
7.3261	0.0265	4.1840
7.3067	0.0241	4.1840
7.3259	0.0274	4.1840
7.3217	0.0164	4.1840
7.3158	0.0193	4.1840
7.3185	0.0356	4.1840
7.3279	0.0199	4.1840
7.3147	0.0214	4.1840
7.3104	0.0226	4.1840
7.3064	0.0253	4.1840
7.3021	0.0292	4.1840
7.3064	0.0206	4.1840
7.3330	0.0273	4.1840
7.3003	0.0182	4.1840
7.3214	0.0288	4.1840
7.3152	0.0240	4.1840
7.3138	0.0267	4.1840
7.3081	0.0229	4.1840
7.3177	0.0327	4.1840
7.3145	0.0235	4.1840
7.3026	0.0345	4.1840
7.3130	0.0338	4.1840
7.3154	0.0281	4.1840
7.3196	0.0309	4.1840
7.3054	0.0263	4.1840
7.3157	0.0230	4.1840
7.3217	0.0204	4.1840
7.3332	0.0237	4.1840
7.3187	0.0188	4.1840
7.3219	0.0200	4.1840
7.2962	0.0163	4.1840
7.3193	0.0232	4.1840
7.3257	0.0265	4.1840
7.3150	0.0181	4.1840
7.3107	0.0172	4.1840
7.3122	0.0290	4.1840
7.3099	0.0154	4.1840
7.3037	0.0220	4.1840
7.3074	0.0250	4.1840
7.3131	0.0256	4.1840
7.3238	0.0177	4.1840
7.3151	0.0185	4.1840
7.3178	0.0216	4.1840
7.3282	0.0121	4.1840
7.3159	0.0285	4.1840
7.3210	0.0329	4.1840
7.3229	0.0228	4.1840
7.3253	0.0298	4.1840
7.3163	0.0293	4.1840
7.3033	0.0252	4.1840
7.3180	0.0273	4.1840
7.3310	0.0221	4.1840
7.3123	0.0277	4.1840
7.3175	0.0191	4.1840
7.3038	0.0200	4.1840
7.3225	0.0213	4.1840
7.2987	0.0228	4.1840
7.3131	0.0256	4.1840
7.3332	0.0093	4.1840
7.3258	0.0288	4.1840
7.3135	0.0262	4.1840
7.3222	0.0307	4.1840
7.3254	0.0182	4.1840
7.3281	0.0269	4.1840
7.3207	0.0270	4.1840
7.3387	0.0191	4.1840
7.3341	0.0284	4.1840
7.3234	0.0282	4.1840
7.3137	0.0259	4.1840
7.3234	0.0232	4.1840
7.3074	0.0289	4.1840
7.3219	0.0242	4.1840
7.3329	0.0279	4.1840
7.3464	0.0313	4.4840
7.1891	0.0399	4.4840
7.2006	0.0316	4.4840
7.1948	0.0270	4.4840
7.2066	0.0191	4.4840
7.2028	0.0284	4.4840
7.2063	0.0271	4.4840
7.1951	0.0209	4.4840
7.2005	0.0281	4.4840
7.2194	0.0282	4.4840
7.2079	0.0185	4.4840
7.2085	0.0173	4.4840
7.2129	0.0173	4.4840
7.2036	0.0332	4.4840
7.2098	0.0225	4.4840
7.2086	0.0173	4.4840
7.2162	0.0168	4.4840
7.2193	0.0205	4.4840
7.1909	0.0392	4.4840
7.1937	0.0341	4.4840
7.1973	0.0308	4.4840
7.1730	0.0367	4.4840
7.1689	0.0360	4.4840
7.2054	0.0205	4.4840
7.1810	0.0299	4.4840
7.1891	0.0189	4.4840
7.1972	0.0218	4.4840
7.1944	0.0365	4.4840
7.1853	0.0181	4.4840
7.1908	0.0290	4.4840
7.1987	0.0210	4.4840
7.2023	0.0202	4.4840
7.1968	0.0254	4.4840
7.1980	0.0310	4.4840
7.2074	0.0277	4.4840
7.2167	0.0173	4.4840
7.1972	0.0429	4.4840
7.1986	0.0145	4.4840
7.1974	0.0193	4.4840
7.2015	0.0174	4.4840
7.2008	0.0329	4.4840
7.2032	0.0241	4.4840
7.1881	0.0406	4.4840
7.2113	0.0259	4.4840
7.1979	0.0257	4.4840
7.1886	0.0289	4.4840
7.1854	0.0280	4.4840
7.1919	0.0188	4.4840
7.1843	0.0205	4.4840
7.1767	0.0193	4.4840
7.1794	0.0275	4.4840
7.1980	0.0380	4.4840
7.1805	0.0221	4.4840
7.2033	0.0236	4.4840
7.1963	0.0259	4.4840
7.2056	0.0257	4.4840
7.1767	0.0258	4.4840
7.1838	0.0329	4.4840
7.1923	0.0249	4.4840
7.1993	0.0225	4.4840
7.1986	0.0259	4.4840
7.1918	0.0238	4.4840
7.2071	0.0255	4.4840
7.1901	0.0244	4.4840
7.1989	0.0386	4.4840
7.1920	0.0262	4.4840
7.1627	0.0317	4.4840
7.1933	0.0226	4.4840
7.1883	0.0249	4.4840
7.2092	0.0264	4.4840
7.2006	0.0287	4.4840
7.1979	0.0235	4.4840
7.1871	0.0219	4.4840
7.1739	0.0193	4.4840
7.2008	0.0301	4.4840
7.2096	0.0295	4.4840
7.2075	0.0186	4.4840
7.2054	0.0288	4.4840
7.1946	0.0262	4.4840
7.1950	0.0238	4.4840
7.1993	0.0184	4.4840
7.1910	0.0221	4.4840
7.1956	0.0158	4.4840
7.2017	0.0223	4.4840
7.1955	0.0168	4.4840
7.2022	0.0212	4.4840
7.2146	0.0159	4.4840
7.1989	0.0243	4.4840
7.1893	0.0240	4.4840
7.2130	0.0234	4.4840
7.2083	0.0239	4.4840
7.2128	0.0267	4.4840
7.2204	0.0307	4.4840
7.2146	0.0276	4.4840
7.2291	0.0321	4.4840
7.2454	0.0326	4.4840
7.2420	0.0325	4.4840
7.2353	0.0193	4.4840
7.2216	0.0277	4.4840
7.2285	0.0292	4.4840
7.2476	0.0193	4.4840
7.2313	0.0253	4.4840
7.2449	0.0385	4.4840
7.2305	0.0175	4.4840
7.2339	0.0263	4.4840
7.2361	0.0164	4.4840
7.2307	0.0120	4.4840
7.2265	0.0294	4.4840
7.2365	0.0216	4.4840
7.2401	0.0189	4.4840
7.2244	0.0185	4.4840
7.2392	0.0194	4.4840
7.2312	0.0168	4.4840
7.2200	0.0246	4.4840
7.2260	0.0216	4.4840
7.2115	0.0211	4.4840
7.2307	0.0265	4.4840
7.2268	0.0155	4.4840
7.2168	0.0249	4.4840
7.2240	0.0278	4.4840
7.2217	0.0286	4.4840
7.2287	0.0208	4.4840
7.2250	0.0273	4.4840
7.2269	0.0144	4.4840
7.2175	0.0229	4.4840
7.2150	0.0280	4.4840
7.2094	0.0202	4.4840
7.2125	0.0193	4.4840
7.2243	0.0258	4.4840
7.2096	0.0242	4.4840
7.2282	0.0192	4.4840
7.2145	0.0220	4.4840
7.2174	0.0172	4.4840
7.2243	0.0213	4.4840
7.2208	0.0225	4.4840
7.2157	0.0162	4.4840
7.2144	0.0171	4.4840
7.2142	0.0254	4.4840
7.2198	0.0256	4.4840
7.2139	0.0139	4.4840
7.2208	0.0287	4.4840
7.1982	0.0210	4.4840
7.2142	0.0252	4.4840
7.2129	0.0227	4.4840
7.2054	0.0253	4.4840
7.2111	0.0315	4.4840
7.2066	0.0259	4.4840
7.2026	0.0289	4.4840
7.2092	0.0187	4.4840
7.2109	0.0255	4.4840
7.1940	0.0226	4.4840
7.2068	0.0190	4.4840
7.1998	0.0211	4.4840
7.2127	0.0289	4.4840
7.2063	0.0196	4.4840
7.2063	0.0255	4.4840
7.1948	0.0161	4.4840
7.2063	0.0199	4.4840
7.2118	0.0234	4.4840
7.2022	0.0199	4.4840
7.2103	0.0289	4.4840
7.2084	0.0209	4.4840
7.1994	0.0255	4.4840
7.1997	0.0224	4.4840
7.1906	0.0308	4.4840
7.2089	0.0184	4.4840
7.2139	0.0228	4.4840
7.2024	0.0180	4.4840
7.1983	0.0178	4.4840
7.1861	0.0249	4.4840
7.1966	0.0225	4.4840
7.1982	0.0211	4.4840
7.1928	0.0194	4.4840
7.1988	0.0200	4.4840
7.2104	0.0154	4.4840
7.2025	0.0245	4.4840
7.1932	0.0255	4.4840
7.2036	0.0264	4.4840
7.1952	0.0149	4.4840
7.1996	0.0249	4.4840
7.1916	0.0179	4.4840
7.2025	0.0237	4.4840
7.1969	0.0223	4.4840
7.1982	0.0138	4.4840
7.2012	0.0266	4.4840
7.1821	0.0168	4.4840
7.1873	0.0199	4.4840
7.2042	0.0245	4.4840
7.2079	0.0248	4.4840
7.2145	0.0163	4.4840
7.1909	0.0287	4.4840
7.2029	0.0246	4.4840
7.1989	0.0188	4.4840
7.1981	0.0201	4.4840
7.1997	0.0304	4.4840
7.1954	0.0185	4.4840
7.2155	0.0091	4.4840
7.2067	0.0264	4.4840
7.1809	0.0150	4.4840
7.1961	0.0261	4.4840
7.2002	0.0166	4.4840
7.1957	0.0205	4.4840
7.2050	0.0168	4.4840
7.1971	0.0228	4.4840
7.2095	0.0132	4.4840
7.1904	0.0206	4.4840
7.1953	0.0198	4.4840
7.2053	0.0223	4.4840
7.1985	0.0315	4.4840
7.1992	0.0151	4.4840
7.2105	0.0204	4.4840
7.2048	0.0276	4.4840
7.1995	0.0186	4.4840
7.2002	0.0212	4.4840
7.1935	0.0161	4.4840
7.2003	0.0224	4.4840
7.1975	0.0244	4.4840
7.1871	0.0252	4.4840
7.1899	0.0196	4.4840
7.1986	0.0167	4.4840
7.2020	0.0355	4.4840
7.1971	0.0309	4.4840
7.1897	0.0299	4.4840
7.1936	0.0192	4.4840
7.1890	0.0222	4.4840
7.1862	0.0282	4.4840
7.1974	0.0198	4.4840
7.1971	0.0149	4.4840
7.1911	0.0184	4.4840
7.1822	0.0245	4.4840
7.1865	0.0140	4.4840
7.1842	0.0182	4.4840
7.2013	0.0181	4.4840
7.1822	0.0106	4.4840
7.1842	0.0162	4.4840
7.1781	0.0237	4.4840
7.1897	0.0197	4.4840
7.1880	0.0237	4.4840
7.1723	0.0197	4.4840
7.1895	0.0266	4.4840
7.1816	0.0227	4.4840
7.1799	0.0354	4.4840
7.1739	0.0255	4.4840
7.1773	0.0343	4.4840
7.1827	0.0255	4.4840
7.1806	0.0194	4.4840
7.1847	0.0182	4.4840
7.1726	0.0261	4.4840
7.1733	0.0335	4.4840
7.1855	0.0170	4.4840
7.1885	0.0272	4.4840
7.1966	0.0170	4.4840
7.1797	0.0312	4.4840
7.1849	0.0108	4.4840
7.1787	0.0161	4.4840
7.1889	0.0210	4.4840
7.1869	0.0237	4.4840
7.1889	0.0142	4.4840
7.1666	0.0181	4.4840
7.1800	0.0292	4.4840
7.1890	0.0125	4.4840
7.1681	0.0210	4.4840
7.1813	0.0268	4.4840
7.1935	0.0243	4.4840
7.2092	0.0135	4.4840
7.1684	0.0188	4.4840
7.1842	0.0227	4.4840
7.1735	0.0173	4.4840
7.1643	0.0253	4.4840
7.1735	0.0314	4.4840
7.1981	0.0226	4.4840
7.1945	0.0190	4.4840
7.1826	0.0250	4.4840
7.1813	0.0131	4.4840
7.1860	0.0164	4.4840
7.1804	0.0218	4.4840
7.1921	0.0228	4.4840
7.2000	0.0201	4.4840
7.1912	0.0122	4.4840
7.1973	0.0213	4.4840
7.1918	0.0121	4.4840
7.1944	0.0126	4.4840
7.1943	0.0187	4.4840
7.1798	0.0232	4.4840
7.1805	0.0219	4.4840
7.1687	0.0231	4.4840
7.1737	0.0258	4.4840
7.1660	0.0214	4.4840
7.1682	0.0291	4.4840
7.1706	0.0182	4.4840
7.1675	0.0339	4.4840
7.1884	0.0171	4.4840
7.1535	0.0298	4.4840
7.1719	0.0234	4.4840
7.1804	0.0306	4.4840
7.1744	0.0255	4.4840
7.1607	0.0183	4.4840
7.1612	0.0178	4.4840
7.1577	0.0181	4.4840
7.1580	0.0240	4.4840
7.1663	0.0224	4.4840
7.1629	0.0232	4.4840
7.1676	0.0158	4.4840
7.1709	0.0216	4.4840
7.1607	0.0139	4.4840
7.1620	0.0193	4.4840
7.1532	0.0271	4.4840
7.1565	0.0339	4.4840
7.1666	0.0281	4.4840
7.1689	0.0271	4.4840
7.1643	0.0289	4.4840
7.1710	0.0199	4.4840
7.1731	0.0171	4.4840
7.1661	0.0211	4.4840
7.1696	0.0328	4.4840
7.1674	0.0194	4.4840
7.1717	0.0221	4.4840
7.1590	0.0172	4.4840
7.1662	0.0201	4.4840
7.1779	0.0245	4.4840
7.1607	0.0252	4.4840
7.1699	0.0385	4.4840
7.1786	0.0190	4.4840
7.1760	0.0203	4.4840
7.1667	0.0247	4.4840
7.1602	0.0111	4.4840
7.1681	0.0196	4.4840
7.1779	0.0273	4.4840
7.1667	0.0173	4.4840
7.1782	0.0215	4.4840
7.1688	0.0234	4.4840
7.1714	0.0140	4.4840
7.1698	0.0302	4.4840
7.1737	0.0224	4.4840
7.1784	0.0211	4.4840
7.1586	0.0301	4.4840
7.1562	0.0149	4.4840
7.1635	0.0300	4.4840
7.1644	0.0321	4.4840
7.1519	0.0246	4.4840
7.1526	0.0274	4.4840
7.1525	0.0207	4.4840
7.1598	0.0286	4.4840
7.1668	0.0101	4.4840
7.1648	0.0256	4.4840
7.1596	0.0148	4.4840
7.1698	0.0152	4.4840
7.1446	0.0222	4.4840
7.1658	0.0171	4.4840
7.1561	0.0108	4.4840
7.1595	0.0189	4.4840
7.1571	0.0214	4.4840
7.1571	0.0214	4.4840
7.1540	0.0234	4.4840
7.1501	0.0173	4.4840
7.1590	0.0198	4.4840
7.1508	0.0266	4.4840
7.1380	0.0191	4.4840
7.1578	0.0195	4.4840
7.1528	0.0304	4.4840
7.1390	0.0214	4.4840
7.1555	0.0203	4.4840
7.1567	0.0205	4.4840
7.1521	0.0228	4.4840
7.1672	0.0219	4.4840
7.1531	0.0225	4.4840
7.1591	0.0211	4.4840
7.1601	0.0160	4.4840
7.1575	0.0229	4.4840
7.1625	0.0169	4.4840
7.1639	0.0223	4.4840
7.1567	0.0214	4.4840
7.1483	0.0235	4.4840
7.1451	0.0251	4.4840
7.1493	0.0207	4.4840
7.1498	0.0268	4.4840
7.1385	0.0089	4.4840
7.1525	0.0254	4.4840
7.1576	0.0088	4.4840
7.1600	0.0180	4.4840
7.1441	0.0168	4.4840
7.1522	0.0282	4.4840
7.1496	0.0210	4.4840
7.1307	0.0259	4.4840
7.1523	0.0233	4.4840
7.1517	0.0135	4.4840
7.1434	0.0308	4.4840
7.1487	0.0264	4.4840
7.1488	0.0283	4.4840
7.1561	0.0174	4.4840
7.1522	0.0207	4.4840
7.1389	0.0189	4.4840
7.1572	0.0229	4.4840
7.1506	0.0149	4.4840
7.1360	0.0285	4.4840
7.1341	0.0260	4.4840
7.1477	0.0262	4.4840
7.1406	0.0183	4.4840
7.1364	0.0234	4.4840
7.1484	0.0192	4.4840
7.1464	0.0166	4.7760
6.7547	0.0250	4.7760
6.7819	0.0182	4.7760
6.7536	0.0158	4.7760
6.7519	0.0170	4.7760
6.7452	0.0232	4.7760
6.7378	0.0266	4.7760
6.7658	0.0184	4.7760
6.7642	0.0223	4.7760
6.7662	0.0226	4.7760
6.7540	0.0238	4.7760
6.7552	0.0240	4.7760
6.7543	0.0231	5.7600
6.2020	0.0129	5.7600
6.1971	0.0186	5.7600
6.2089	0.0166	5.7600
6.2164	0.0125	5.7600
6.2160	0.0153	5.7600
6.2112	0.0126	5.7600
6.2153	0.0126	5.7600
6.2045	0.0136	5.7600
6.2105	0.0118	5.7600
6.2201	0.0070	5.7600
6.2168	0.0136	5.7600
6.2040	0.0180	5.7600
6.2106	0.0174	5.7600
6.2049	0.0170	5.7600
6.2133	0.0148	5.7600
6.1975	0.0122	5.7600
6.1983	0.0243	5.7600
6.2159	0.0120	5.7600
6.2045	0.0163	5.7600
6.2034	0.0119	5.7600
6.2002	0.0183	5.7600
6.2046	0.0136	5.7600
6.2167	0.0142	5.7600
6.2032	0.0176	6.7720
6.0015	0.0163	6.7720
6.0021	0.0117	6.7720
6.0048	0.0083	6.7720
5.9986	0.0104	6.7720
5.9995	0.0179	6.7720
5.9989	0.0129	6.7720
6.0025	0.0166	6.7720
5.9970	0.0127	6.7720
5.9980	0.0116	6.7720
6.0005	0.0104	6.7720
6.0046	0.0114	6.7720
5.9900	0.0136	6.7720
6.0074	0.0125	6.7720
6.0095	0.0156	6.7720
5.9944	0.0140	6.7720
5.9943	0.0163	6.7720
6.0009	0.0203	6.7720
6.0109	0.0106	7.7720
5.7986	0.0089	7.7720
5.8051	0.0132	7.7720
5.8108	0.0165	7.7720
5.7981	0.0156	7.7720
5.8048	0.0116	7.7720
5.8020	0.0127	7.7720
5.8100	0.0128	7.7720
5.8034	0.0090	7.7720
5.8098	0.0148	7.7720
5.8011	0.0152	7.7720
5.7964	0.0146	7.7720
5.8073	0.0093	7.7720
5.7999	0.0117	7.7720
5.7978	0.0163	7.7720
5.8009	0.0121	7.7720
5.8059	0.0099	7.7720
5.8014	0.0150	7.7720
5.8058	0.0156	7.7720
5.8039	0.0084	8.7800
5.6198	0.0144	8.7800
5.6228	0.0103	8.7800
5.6122	0.0118	8.7800
5.6123	0.0143	8.7800
5.6166	0.0189	8.7800
5.6165	0.0079	8.7800
5.6079	0.0226	8.7800
5.6122	0.0108	8.7800
5.6150	0.0123	8.7800
5.6134	0.0156	8.7800
5.6038	0.0093	8.7800
5.6022	0.0066	8.7800
5.6193	0.0101	8.7800
5.6052	0.0116	8.7800
5.6167	0.0092	8.7800
5.6160	0.0114	9.7800
5.4375	0.0075	9.7800
5.4311	0.0139	9.7800
5.4340	0.0146	9.7800
5.4248	0.0123	9.7800
5.4304	0.0124	9.7800
5.4346	0.0146	9.7800
5.4338	0.0120	9.7800
5.4360	0.0123	9.7800
5.4358	0.0126	9.7800
5.4302	0.0155	9.7800
5.4335	0.0153	9.7800
5.4218	0.0168	9.7800
5.4281	0.0118	9.7800
5.4370	0.0134	9.7800
5.4240	0.0106	10.7600
5.2542	0.0141	10.7600
5.2618	0.0127	10.7600
5.2635	0.0141	10.7600
5.2495	0.0120	10.7600
5.2600	0.0076	10.7600
5.2438	0.0094	10.7600
5.2547	0.0140	10.7600
5.2603	0.0111	10.7600
5.2566	0.0136	10.7600
5.2479	0.0131	10.7600
5.2533	0.0153	10.7600
5.2524	0.0113	10.7600
5.2599	0.0167	10.7600
5.2473	0.0155	10.7600
5.2613	0.0046	10.7600
5.2673	0.0093	10.7600
5.2524	0.0133	10.7600
5.2493	0.0181	10.7600
5.2473	0.0119	10.7600
5.2560	0.0096	11.7720
5.0845	0.0127	11.7720
5.0839	0.0091	11.7720
5.0878	0.0105	11.7720
5.0904	0.0123	11.7720
5.0931	0.0142	11.7720
5.0895	0.0137	11.7720
5.0953	0.0142	11.7720
5.0971	0.0076	11.7720
5.0878	0.0087	11.7720
5.0837	0.0117	11.7720
5.0835	0.0094	11.7720
5.0868	0.0096	11.7720
5.0797	0.0083	11.7720
5.0956	0.0087	11.7720
5.0807	0.0114	11.7720
5.0824	0.0081	11.7720
5.0857	0.0145	11.7720
5.0839	0.0141	11.7720
5.0927	0.0138	11.7720
5.0933	0.0090	11.7720
5.0858	0.0114	11.7720
5.0916	0.0180	11.7720
5.0884	0.0103	11.7720
5.0841	0.0083	11.7720
5.0888	0.0111	11.7720
5.0863	0.0151	11.7720
5.0860	0.0120	11.7720
5.0892	0.0094	11.7720
5.0848	0.0120	11.7720
5.0878	0.0111	11.7720
5.0928	0.0074	11.7720
5.0830	0.0073	11.7720
5.0881	0.0189	11.7720
5.0844	0.0148	11.7720
5.0955	0.0097	11.7720
5.0905	0.0101	11.7720
5.0886	0.0141	11.7720
5.0900	0.0104	11.7720
5.0940	0.0054	11.7720
5.1000	0.0087	11.7720
5.0879	0.0161	11.7720
5.0892	0.0124	11.7720
5.0893	0.0156	11.7720
5.0902	0.0104	11.7720
5.0780	0.0137	11.7720
5.0978	0.0088	11.7720
5.0896	0.0147	11.7720
5.0903	0.0122	11.7720
5.0848	0.0094	11.7720
5.0881	0.0129	11.7720
5.0905	0.0104	11.7720
5.0874	0.0099	11.7720
5.0870	0.0095	11.7720
5.0883	0.0121	11.7720
5.0883	0.0141	11.7720
5.0887	0.0094	11.7720
5.0826	0.0106	11.7720
5.0871	0.0111	11.7720
5.0863	0.0117	11.7720
5.0938	0.0092	11.7720
5.0913	0.0120	11.7720
5.0852	0.0137	11.7720
5.0920	0.0118	11.7720
5.0840	0.0167	11.7720
5.0881	0.0065	11.7720
5.0819	0.0189	11.7720
5.0833	0.0115	11.7720
5.0888	0.0068	11.7720
5.0924	0.0118	11.7720
5.0909	0.0108	11.7720
5.0810	0.0117	11.7720
5.0846	0.0094	11.7720
5.0902	0.0149	11.7720
5.0903	0.0105	11.7720
5.0862	0.0093	11.7720
5.0789	0.0122	11.7720
5.0896	0.0115	11.7720
5.0846	0.0102	11.7720
5.0832	0.0127	11.7720
5.0951	0.0083	11.7720
5.0791	0.0169	11.7720
5.0897	0.0082	11.7720
5.0837	0.0115	11.7720
5.0807	0.0099	11.7720
5.0855	0.0144	11.7720
5.0863	0.0122	11.7720
5.0835	0.0129	11.7720
5.0826	0.0099	11.7720
5.0874	0.0089	11.7720
5.0914	0.0118	11.7720
5.0878	0.0168	11.7720
5.0817	0.0147	11.7720
5.0948	0.0131	11.7720
5.0870	0.0123	11.7720
5.0867	0.0105	11.7720
5.0875	0.0120	11.7720
5.0912	0.0093	11.7720
5.0888	0.0091	11.7720
5.0855	0.0135	11.7720
5.0892	0.0105	11.7720
5.0834	0.0105	11.7720
5.0919	0.0087	11.7720
5.0921	0.0096	11.7720
5.0847	0.0118	11.7720
5.0827	0.0100	11.7720
5.0918	0.0097	11.7720
5.0832	0.0069	11.7720
5.0950	0.0094	11.7720
5.0859	0.0092	11.7720
5.0834	0.0138	11.7720
5.0762	0.0128	11.7720
5.0816	0.0122	11.7720
5.0881	0.0109	11.7720
5.0895	0.0151	11.7720
5.0856	0.0124	11.7720
5.0798	0.0097	11.7720
5.0768	0.0078	11.7720
5.0921	0.0086	11.7720
5.0909	0.0124	11.7720
5.0886	0.0092	11.7720
5.0938	0.0067	11.7720
5.0936	0.0090	11.7720
5.0939	0.0099	11.7720
5.0943	0.0080	11.7720
5.0951	0.0109	11.7720
5.0768	0.0094	11.7720
5.0922	0.0086	11.7720
5.0799	0.0127	11.7720
5.0796	0.0118	11.7720
5.0789	0.0106	11.7720
5.0829	0.0090	11.7720
5.0893	0.0161	11.7720
5.0940	0.0079	11.7720
5.0935	0.0096	11.7720
5.0942	0.0101	11.7720
5.0929	0.0114	11.7720
5.0907	0.0095	11.7720
5.0874	0.0112	11.7720
5.0878	0.0097	11.7720
5.0890	0.0100	11.7720
5.0869	0.0123	11.7720
5.0868	0.0086	11.7720
5.0798	0.0125	11.7720
5.0853	0.0134	11.7720
5.0827	0.0081	11.7720
5.0886	0.0103	11.7720
5.0863	0.0097	11.7720
5.0813	0.0103	11.7720
5.0817	0.0135	11.7720
5.0761	0.0119	11.7720
5.0772	0.0077	11.7720
5.0814	0.0190	11.7720
5.0856	0.0098	11.7720
5.0894	0.0104	11.7720
5.0841	0.0101	11.7720
5.0939	0.0104	11.7720
5.0893	0.0104	11.7720
5.0909	0.0129	11.7720
5.0854	0.0138	11.7720
5.0839	0.0105	11.7720
5.0878	0.0169	11.7720
5.0778	0.0122	11.7720
5.0892	0.0085	11.7720
5.0876	0.0099	11.7720
5.0809	0.0122	11.7720
5.0876	0.0071	11.7720
5.0880	0.0118	11.7720
5.0920	0.0062	11.7720
5.0854	0.0129	11.7720
5.0938	0.0077	11.7720
5.0892	0.0058	11.7720
5.0844	0.0119	11.7720
5.0914	0.0123	11.7720
5.0857	0.0138	11.7720
5.0855	0.0106	11.7720
5.0842	0.0118	11.7720
5.0932	0.0105	11.7720
5.0896	0.0104	11.7720
5.0854	0.0135	11.7720
5.0980	0.0094	11.7720
5.0809	0.0104	11.7720
5.0851	0.0173	11.7720
5.0882	0.0125	11.7720
5.0882	0.0145	11.7720
5.0960	0.0169	11.7720
5.0911	0.0075	11.7720
5.0813	0.0157	11.7720
5.0889	0.0073	11.7720
5.0932	0.0130	11.7720
5.0850	0.0127	11.7720
5.0867	0.0124	11.7720
5.0827	0.0083	11.7720
5.0812	0.0093	11.7720
5.0846	0.0126	11.7720
5.0964	0.0089	11.7720
5.0807	0.0186	11.7720
5.0844	0.0142	11.7720
5.0870	0.0104	11.7720
5.0912	0.0078	11.7720
5.0778	0.0106	11.7720
5.0814	0.0108	11.7720
5.0962	0.0108	11.7720
5.0836	0.0104	11.7720
5.0823	0.0129	11.7720
5.0909	0.0119	11.7720
5.0783	0.0136	11.7720
5.0864	0.0162	11.7720
5.0855	0.0107	11.7720
5.0903	0.0113	11.7720
5.0845	0.0102	11.7720
5.0798	0.0108	11.7720
5.0858	0.0084	11.7720
5.0917	0.0082	11.7720
5.0816	0.0110	11.7720
5.0807	0.0123	11.7720
5.0837	0.0118	11.7720
5.0941	0.0157	11.7720
5.0841	0.0130	11.7720
5.0840	0.0107	11.7720
5.0910	0.0130	11.7720
5.0879	0.0098	11.7720
5.0830	0.0098	11.7720
5.0791	0.0131	11.7720
5.0885	0.0100	11.7720
5.0860	0.0117	11.7720
5.0896	0.0110	11.7720
5.0904	0.0083	11.7720
5.0895	0.0149	11.7720
5.0799	0.0090	11.7720
5.0835	0.0064	11.7720
5.0945	0.0068	11.7720
5.0826	0.0086	11.7720
5.0830	0.0108	11.7720
5.0776	0.0095	11.7720
5.0918	0.0071	11.7720
5.0935	0.0097	11.7720
5.0877	0.0107	11.7720
5.0911	0.0101	11.7720
5.0787	0.0081	11.7720
5.0885	0.0142	11.7720
5.0906	0.0151	11.7720
5.0901	0.0084	11.7720
5.0798	0.0141	11.7720
5.0859	0.0079	11.7720
5.0802	0.0078	11.7720
5.0904	0.0079	11.7720
5.0832	0.0186	11.7720
5.0890	0.0129	11.7720
5.0965	0.0104	11.7720
5.0930	0.0132	11.7720
5.0956	0.0092	11.7720
5.0829	0.0098	11.7720
5.0939	0.0089	11.7720
5.0952	0.0139	11.7720
5.0976	0.0128	11.7720
5.0952	0.0067	11.7720
5.0833	0.0115	11.7720
5.1040	0.0112	11.7720
5.0936	0.0072	11.7720
5.0990	0.0097	11.7720
5.0877	0.0119	11.7720
5.0979	0.0077	11.7720
5.0985	0.0108	11.7720
5.1009	0.0079	11.7720
5.0903	0.0178	11.7720
5.0934	0.0150	11.7720
5.0930	0.0092	11.7720
5.1060	0.0114	11.7720
5.1004	0.0101	11.7720
5.1006	0.0137	11.7720
5.1054	0.0080	11.7720
5.1068	0.0095	11.7720
5.1005	0.0120	11.7720
5.0997	0.0108	11.7720
5.1084	0.0122	11.7720
5.1063	0.0123	11.7720
5.0961	0.0126	11.7720
5.1036	0.0090	11.7720
5.0969	0.0076	11.7720
5.1020	0.0083	11.7720
5.0980	0.0096	11.7720
5.1043	0.0091	11.7720
5.0997	0.0118	11.7720
5.1053	0.0167	11.7720
5.1027	0.0111	11.7720
5.0975	0.0131	11.7720
5.0977	0.0118	11.7720
5.1042	0.0103	11.7720
5.1047	0.0080	11.7720
5.1040	0.0137	11.7720
5.1059	0.0107	11.7720
5.1007	0.0158	11.7720
5.1048	0.0107	11.7720
5.1037	0.0113	11.7720
5.1135	0.0083	11.7720
5.0980	0.0092	11.7720
5.1049	0.0105	11.7720
5.0987	0.0121	11.7720
5.1155	0.0113	11.7720
5.1101	0.0083	11.7720
5.1166	0.0112	11.7720
5.1111	0.0096	11.7720
5.1058	0.0095	11.7720
5.1083	0.0104	11.7720
5.1144	0.0182	11.7720
5.1194	0.0070	11.7720
5.1159	0.0103	11.7720
5.1132	0.0113	11.7720
5.1096	0.0122	11.7720
5.1147	0.0094	11.7720
5.1093	0.0172	11.7720
5.1175	0.0083	11.7720
5.1079	0.0166	11.7720
5.1099	0.0169	11.7720
5.1073	0.0142	11.7720
5.1084	0.0096	11.7720
5.1187	0.0110	11.7720
5.1131	0.0089	11.7720
5.1087	0.0124	11.7720
5.1093	0.0155	11.7720
5.1178	0.0083	11.7720
5.1076	0.0150	11.7720
5.1068	0.0087	11.7720
5.1073	0.0102	11.7720
5.1090	0.0150	11.7720
5.1218	0.0097	11.7720
5.1179	0.0143	11.7720
5.1139	0.0139	11.7720
5.1108	0.0138	11.7720
5.1152	0.0116	11.7720
5.1022	0.0093	11.7720
5.1150	0.0131	11.7720
5.1043	0.0073	11.7720
5.1146	0.0149	11.7720
5.1153	0.0080	11.7720
5.1161	0.0099	11.7720
5.1094	0.0092	11.7720
5.1197	0.0114	11.7720
5.1096	0.0119	11.7720
5.1043	0.0115	11.7720
5.1191	0.0122	11.7720
5.1150	0.0153	11.7720
5.1177	0.0107	11.7720
5.1206	0.0066	11.7720
5.1128	0.0113	11.7720
5.1244	0.0129	11.7720
5.1111	0.0091	11.7720
5.1094	0.0117	11.7720
5.1177	0.0119	11.7720
5.1189	0.0086	11.7720
5.1147	0.0086	11.7720
5.1132	0.0157	11.7720
5.1138	0.0133	11.7720
5.1201	0.0092	11.7720
5.1082	0.0137	11.7720
5.1226	0.0112	11.7720
5.1262	0.0155	11.7720
5.1191	0.0152	11.7720
5.1182	0.0108	11.7720
5.1246	0.0105	11.7720
5.1130	0.0110	11.7720
5.1155	0.0054	11.7720
5.1159	0.0110	11.7720
5.1178	0.0148	11.7720
5.1179	0.0115	11.7720
5.1057	0.0074	11.7720
5.1182	0.0107	11.7720
5.1127	0.0103	11.7720
5.1158	0.0145	11.7720
5.1102	0.0128	11.7720
5.1160	0.0123	11.7720
5.1123	0.0121	11.7720
5.1136	0.0136	11.7720
5.1235	0.0094	11.7720
5.1154	0.0142	11.7720
5.1183	0.0116	11.7720
5.1187	0.0097	11.7720
5.1254	0.0118	11.7720
5.1155	0.0149	11.7720
5.1153	0.0139	11.7720
5.1141	0.0129	11.7720
5.1227	0.0088	11.7720
5.1167	0.0092	11.7720
5.1169	0.0148	11.7720
5.1165	0.0101	11.7720
5.1158	0.0075	11.7720
5.1250	0.0098	11.7720
5.1209	0.0122	11.7720
5.1237	0.0084	11.7720
5.1126	0.0122	11.7720
5.1248	0.0099	11.7720
5.1174	0.0085	11.7720
5.1218	0.0118	11.7720
5.1286	0.0096	11.7720
5.1260	0.0142	11.7720
5.1207	0.0120	11.7720
5.1255	0.0095	11.7720
5.1169	0.0101	11.7720
5.1252	0.0133	11.7720
5.1209	0.0120	11.7720
5.1178	0.0106	11.7720
5.1205	0.0194	11.7720
5.1173	0.0089	11.7720
5.1318	0.0095	11.7720
5.1242	0.0076	11.7720
5.1167	0.0120	11.7720
5.1313	0.0050	11.7720
5.1155	0.0154	11.7720
5.1226	0.0103	11.7720
5.1277	0.0110	11.7720
5.1247	0.0150	11.7720
5.1137	0.0120	11.7720
5.1186	0.0121	11.7720
5.1241	0.0069	11.7720
5.1198	0.0099	11.7720
5.1225	0.0075	11.7720
5.1209	0.0068	11.7720
5.1183	0.0110	11.7720
5.1114	0.0077	11.7720
5.1259	0.0084	11.7720
5.1149	0.0155	11.7720
5.1229	0.0087	11.7720
5.1213	0.0123	11.7720
5.1138	0.0134	11.7720
5.1161	0.0128	11.7720
5.1267	0.0136	11.7720
5.1260	0.0084	11.7720
5.1183	0.0092	11.7720
5.1287	0.0087	11.7720
5.1223	0.0132	11.7720
5.1260	0.0111	11.7720
5.1207	0.0145	11.7720
5.1296	0.0105	11.7720
5.1140	0.0118	11.7720
5.1237	0.0141	11.7720
5.1242	0.0130	11.7720
5.1154	0.0117	11.7720
5.1290	0.0117	11.7720
5.1245	0.0095	11.7720
5.1212	0.0081	11.7720
5.1189	0.0127	11.7720
5.1293	0.0087	11.7720
5.1256	0.0131	11.7720
5.1244	0.0111	11.7720
5.1167	0.0135	11.7720
5.1237	0.0167	11.7720
5.1253	0.0134	11.7720
5.1312	0.0106	11.7720
5.1317	0.0072	11.7720
5.1174	0.0103	11.7720
5.1238	0.0104	11.7720
5.1238	0.0178	11.7720
5.1227	0.0141	11.7720
5.1170	0.0127	11.7720
5.1173	0.0077	11.7720
5.1264	0.0098	11.7720
5.1147	0.0084	11.7720
5.1230	0.0147	11.7720
5.1276	0.0133	11.7720
5.1278	0.0128	11.7720
5.1170	0.0074	11.7720
5.1262	0.0097	11.7720
5.1273	0.0107	11.7720
5.1193	0.0113	11.7720
5.1226	0.0077	11.7720
5.1199	0.0107	11.7720
5.1307	0.0123	11.7720
5.1260	0.0111	11.7720
5.1158	0.0088	11.7720
5.1260	0.0078	11.7720
5.1213	0.0170	11.7720
5.1266	0.0114	11.7720
5.1288	0.0122	11.7720
5.1333	0.0063	11.7720
5.1286	0.0115	11.7720
5.1257	0.0105	11.7720
5.1154	0.0096	11.7720
5.1276	0.0086	11.7720
5.1271	0.0112	11.7720
5.1294	0.0117	11.7720
5.1276	0.0102	11.7720
5.1266	0.0143	11.7720
5.1217	0.0080	11.7720
5.1200	0.0146	11.7720
5.1316	0.0081	11.7720
5.1170	0.0093	11.7720
5.1313	0.0090	11.7720
5.1129	0.0119	11.7720
5.1237	0.0155	11.7720
5.1196	0.0154	11.7720
5.1157	0.0146	11.7720
5.1247	0.0093	11.7720
5.1211	0.0145	11.7720
5.1116	0.0114	11.7720
5.1105	0.0090	11.7720
5.1206	0.0090	11.7720
5.1105	0.0121	11.7720
5.1120	0.0109	11.7720
5.1120	0.0117	11.7720
5.1123	0.0134	11.7720
5.1088	0.0088	11.7720
5.1162	0.0098	11.7720
5.1153	0.0135	11.7720
5.1063	0.0125	11.7720
5.1091	0.0103	11.7720
5.1155	0.0111	11.7720
5.1135	0.0100	11.7720
5.1185	0.0114	11.7720
5.1108	0.0123	11.7720
5.1094	0.0113	11.7720
5.1070	0.0112	11.7720
5.1055	0.0160	11.7720
5.1153	0.0078	11.7720
5.1133	0.0155	11.7720
5.1098	0.0122	11.7720
5.1091	0.0131	11.7720
5.1165	0.0125	11.7720
5.1094	0.0101	11.7720
5.1060	0.0109	11.7720
5.1047	0.0157	11.7720
5.0983	0.0120	11.7720
5.1136	0.0113	11.7720
5.1067	0.0101	11.7720
5.1051	0.0108	11.7720
5.1106	0.0073	11.7720
5.1066	0.0145	11.7720
5.1037	0.0145	11.7720
5.1112	0.0101	11.7720
5.1066	0.0145	11.7720
5.1017	0.0093	11.7720
5.1067	0.0158	11.7720
5.1069	0.0112	11.7720
5.1055	0.0127	11.7720
5.1018	0.0147	11.7720
5.1044	0.0172	11.7720
5.1086	0.0081	11.7720
5.1033	0.0144	11.7720
5.1146	0.0119	11.7720
5.0951	0.0118	11.7720
5.0990	0.0150	11.7720
5.1060	0.0177	11.7720
5.1061	0.0119	11.7720
5.1081	0.0106	11.7720
5.1095	0.0142	11.7720
5.1100	0.0083	11.7720
5.1080	0.0119	11.7720
5.1005	0.0105	11.7720
5.1032	0.0069	11.7720
5.0956	0.0147	11.7720
5.0964	0.0084	11.7720
5.0944	0.0129	11.7720
5.1087	0.0087	11.7720
5.0988	0.0136	11.7720
5.1082	0.0038	11.7720
5.0991	0.0159	11.7720
5.1050	0.0144	11.7720
5.1023	0.0082	11.7720
5.0992	0.0116	11.7720
5.1052	0.0085	11.7720
5.0970	0.0137	11.7720
5.0977	0.0134	11.7720
5.1017	0.0125	11.7720
5.1028	0.0100	11.7720
5.1088	0.0093	11.7720
5.0967	0.0101	11.7720
5.1110	0.0082	11.7720
5.0975	0.0118	11.7720
5.1003	0.0100	11.7720
5.0947	0.0109	11.7720
5.1106	0.0117	11.7720
5.1069	0.0045	11.7720
5.1048	0.0126	11.7720
5.0947	0.0110	11.7720
5.1022	0.0102	11.7720
5.1038	0.0074	11.7720
5.0987	0.0087	11.7720
5.1090	0.0071	11.7720
5.1015	0.0108	11.7720
5.1069	0.0070	11.7720
5.0984	0.0088	11.7720
5.0968	0.0115	11.7720
5.1033	0.0102	11.7720
5.1020	0.0110	11.7720
5.0983	0.0138	11.7720
5.0915	0.0132	11.7720
5.0978	0.0126	11.7720
5.0932	0.0114	11.7720
5.0996	0.0091	11.7720
5.0988	0.0106	11.7720
5.0953	0.0156	11.7720
5.0903	0.0138	11.7720
5.1078	0.0071	11.7720
5.1066	0.0104	11.7720
5.1084	0.0082	11.7720
5.1073	0.0109	11.7720
5.1075	0.0123	11.7720
5.1113	0.0077	11.7720
5.1051	0.0079	11.7720
5.1112	0.0124	11.7720
5.1079	0.0112	11.7720
5.1149	0.0100	11.7720
5.1198	0.0081	11.7720
5.1109	0.0161	11.7720
5.1052	0.0137	11.7720
5.1100	0.0111	11.7720
5.1096	0.0136	11.7720
5.1137	0.0111	11.7720
5.1181	0.0118	11.7720
5.1069	0.0087	11.7720
5.1035	0.0096	11.7720
5.1150	0.0116	11.7720
5.1197	0.0085	11.7720
5.1053	0.0100	11.7720
5.1213	0.0121	11.7720
5.1146	0.0123	11.7720
5.1183	0.0085	11.7720
5.1077	0.0101	11.7720
5.1166	0.0134	11.7720
5.1138	0.0102	11.7720
5.1219	0.0092	11.7720
5.1111	0.0152	11.7720
5.1139	0.0176	11.7720
5.1193	0.0149	11.7720
5.1128	0.0125	11.7720
5.1077	0.0132	11.7720
5.1231	0.0076	11.7720
5.1214	0.0075	11.7720
5.1260	0.0068	11.7720
5.1189	0.0174	11.7720
5.1213	0.0078	11.7720
5.1190	0.0151	11.7720
5.1086	0.0128	11.7720
5.1130	0.0061	11.7720
5.1078	0.0126	11.7720
5.1291	0.0111	11.7720
5.1230	0.0159	11.7720
5.1229	0.0119	11.7720
5.1101	0.0105	11.7720
5.1255	0.0091	11.7720
5.1224	0.0146	11.7720
5.1336	0.0126	11.7720
5.1054	0.0094	11.7720
5.1116	0.0216	11.7720
5.1028	0.0089	11.7720
5.1060	0.0114	11.7720
5.1195	0.0083	11.7720
5.1164	0.0112	11.7720
5.1050	0.0105	11.7720
5.1132	0.0081	11.7720
5.1082	0.0159	11.7720
5.1026	0.0089	11.7720
5.1117	0.0163	11.7720
5.1053	0.0147	11.7720
5.1075	0.0176	11.7720
5.1087	0.0113	11.7720
5.1049	0.0086	11.7720
5.1022	0.0098	11.7720
5.1038	0.0114	11.7720
5.1108	0.0103	11.7720
5.1023	0.0089	11.7720
5.1026	0.0135	11.7720
5.1066	0.0108	11.7720
5.1075	0.0092	11.7720
5.1034	0.0149	11.7720
5.1058	0.0110	11.7720
5.1066	0.0122	11.7720
5.1072	0.0105	11.7720
5.0954	0.0076	11.7720
5.1073	0.0112	11.7720
5.1024	0.0110	11.7720
5.1071	0.0078	11.7720
5.1029	0.0112	11.7720
5.1065	0.0134	11.7720
5.1046	0.0111	11.7720
5.1015	0.0150	11.7720
5.0932	0.0119	11.7720
5.0982	0.0085	11.7720
5.1079	0.0107	11.7720
5.1047	0.0068	11.7720
5.0993	0.0163	11.7720
5.1078	0.0169	11.7720
5.0938	0.0147	11.7720
5.1100	0.0128	11.7720
5.1013	0.0112	11.7720
5.1029	0.0151	11.7720
5.1055	0.0110	11.7720
5.1039	0.0070	11.7720
5.1045	0.0132	11.7720
5.1012	0.0125	11.7720
5.0969	0.0128	11.7720
5.1000	0.0119	11.7720
5.0977	0.0130	11.7720
5.1013	0.0069	11.7720
5.1057	0.0107	11.7720
5.1066	0.0079	11.7720
5.0982	0.0127	11.7720
5.1022	0.0121	11.7720
5.1024	0.0172	11.7720
5.0964	0.0104	11.7720
5.0985	0.0145	11.7720
5.1062	0.0129	11.7720
5.1032	0.0150	11.7720
5.1051	0.0103	11.7720
5.1056	0.0082	11.7720
5.1028	0.0159	11.7720
5.1028	0.0070	11.7720
5.0988	0.0104	11.7720
5.1025	0.0142	11.7720
5.1070	0.0100	11.7720
5.1002	0.0070	11.7720
5.0960	0.0112	11.7720
5.1014	0.0096	11.7720
5.1003	0.0091	11.7720
5.0953	0.0121	11.7720
5.0928	0.0071	11.7720
5.0990	0.0100	11.7720
5.0929	0.0109	11.7720
5.0975	0.0107	11.7720
5.1006	0.0089	11.7720
5.1035	0.0105	11.7720
5.0958	0.0150	11.7720
5.1053	0.0091	11.7720
5.1030	0.0109	11.7720
5.0957	0.0148	11.7720
5.0924	0.0145	11.7720
5.0937	0.0154	11.7720
5.0876	0.0138	11.7720
5.1009	0.0103	11.7720
5.0960	0.0167	11.7720
5.0985	0.0126	11.7720
5.0999	0.0145	11.7720
5.1040	0.0049	11.7720
5.0912	0.0138	11.7720
5.0920	0.0123	11.7720
5.0964	0.0136	11.7720
5.0987	0.0105	11.7720
5.0911	0.0063	11.7720
5.1016	0.0091	11.7720
5.0962	0.0122	11.7720
5.0930	0.0101	11.7720
5.0978	0.0062	11.7720
5.0907	0.0117	11.7720
5.0906	0.0092	11.7720
5.1096	0.0088	11.7720
5.0897	0.0128	11.7720
5.0995	0.0091	11.7720
5.0957	0.0160	11.7720
5.0905	0.0163	11.7720
5.0905	0.0100	11.7720
5.0930	0.0090	11.7720
5.0907	0.0153	11.7720
5.0947	0.0120	11.7720
5.0900	0.0112	11.7720
5.0995	0.0180	11.7720
5.0963	0.0105	11.7720
5.0886	0.0081	11.7720
5.0954	0.0121	11.7720
5.0949	0.0081	11.7720
5.0867	0.0114	11.7720
5.0873	0.0104	11.7720
5.0906	0.0100	11.7720
5.0933	0.0102	11.7720
5.0941	0.0111	11.7720
5.1009	0.0065	11.7720
5.0871	0.0143	11.7720
5.0962	0.0118	11.7720
5.0898	0.0110	11.7720
5.0936	0.0100	11.7720
5.0975	0.0106	11.7720
5.1022	0.0093	11.7720
5.0969	0.0099	11.7720
5.1029	0.0120	11.7720
5.0957	0.0112	11.7720
5.0949	0.0125	11.7720
5.0922	0.0207	11.7720
5.1040	0.0100	11.7720
5.0894	0.0098	11.7720
5.0869	0.0106	11.7720
5.0871	0.0120	11.7720
5.0966	0.0080	11.7720
5.0967	0.0110	11.7720
5.0893	0.0126	11.7720
5.0968	0.0122	11.7720
5.0930	0.0154	11.7720
5.0889	0.0129	11.7720
5.0926	0.0069	11.7720
5.0927	0.0102	11.7720
5.0995	0.0107	11.7720
5.0949	0.0116	11.7720
5.0971	0.0147	11.7720
5.0884	0.0110	11.7720
5.0965	0.0089	11.7720
5.0857	0.0097	11.7720
5.0960	0.0112	11.7720
5.0919	0.0087	11.7720
5.0940	0.0126	11.7720
5.0958	0.0179	11.7720
5.0860	0.0118	11.7720
5.0873	0.0054	11.7720
5.0912	0.0180	11.7720
5.0884	0.0096	11.7720
5.0972	0.0075	11.7720
5.0910	0.0096	11.7720
5.0952	0.0144	11.7720
5.0949	0.0131	11.7720
5.0892	0.0098	11.7720
5.0959	0.0091	11.7720
5.0911	0.0122	11.7720
5.0951	0.0060	11.7720
5.0917	0.0147	11.7720
5.0935	0.0102	11.7720
5.0859	0.0124	11.7720
5.0914	0.0136	11.7720
5.0923	0.0104	11.7720
5.0809	0.0088	11.7720
5.0952	0.0156	11.7720
5.0889	0.0087	11.7720
5.0907	0.0136	11.7720
5.0881	0.0124	11.7720
5.0832	0.0087	11.7720
5.0933	0.0152	11.7720
5.0934	0.0132	11.7720
5.0934	0.0133	11.7720
5.0873	0.0153	11.7720
5.0920	0.0121	11.7720
5.0998	0.0052	11.7720
5.0925	0.0142	11.7720
5.0925	0.0083	11.7720
5.1009	0.0027	11.7720
5.0909	0.0192	11.7720
5.0912	0.0136	11.7720
5.0948	0.0067	11.7720
5.0936	0.0092	11.7720
5.0883	0.0117	11.7720
5.0890	0.0061	11.7720
5.0839	0.0111	11.7720
5.0946	0.0141	11.7720
5.0847	0.0132	11.7720
5.0979	0.0107	11.7720
5.0922	0.0113	11.7720
5.0953	0.0091	11.7720
5.0937	0.0104	11.7720
5.0975	0.0069	11.7720
5.0917	0.0114	11.7720
5.0911	0.0176	11.7720
5.0934	0.0075	11.7720
5.0914	0.0113	11.7720
5.0886	0.0139	11.7720
5.0878	0.0098	11.7720
5.0874	0.0087	11.7720
5.0891	0.0107	11.7720
5.0941	0.0147	11.7720
5.0904	0.0105	11.7720
5.0840	0.0096	11.7720
5.0917	0.0088	11.7720
5.0864	0.0115	11.7720
5.0974	0.0131	11.7720
5.0953	0.0084	11.7720
5.0910	0.0100	11.7720
5.0936	0.0118	11.7720
5.0986	0.0076	11.7720
5.0897	0.0093	11.7720
5.0935	0.0133	11.7720
5.0921	0.0111	11.7720
5.0870	0.0152	11.7720
5.0860	0.0127	11.7720
5.0914	0.0174	11.7720
5.0897	0.0111	11.7720
5.0970	0.0077	11.7720
5.0880	0.0151	11.7720
5.0930	0.0109	11.7720
5.0973	0.0143	11.7720
5.0869	0.0121	11.7720
5.0876	0.0103	11.7720
5.0926	0.0076	11.7720
5.0923	0.0057	11.7720
5.0915	0.0120	11.7720
5.0916	0.0121	11.7720
5.0937	0.0073	11.7720
5.0855	0.0097	11.7720
5.0851	0.0133	11.7720
5.0836	0.0082	11.7720
5.0890	0.0133	11.7720
5.0862	0.0134	11.7720
5.0853	0.0114	11.7720
5.0906	0.0117	11.7720
5.0853	0.0111	11.7720
5.0872	0.0094	11.7720
5.0863	0.0141	11.7720
5.0893	0.0173	11.7720
5.0840	0.0076	11.7720
5.0914	0.0145	11.7720
5.0861	0.0158	11.7720
5.0848	0.0154	11.7720
5.0882	0.0080	11.7720
5.0888	0.0125	11.7720
5.0938	0.0115	11.7720
5.0889	0.0100	11.7720
5.0914	0.0125	11.7720
5.0864	0.0138	11.7720
5.0838	0.0107	11.7720
5.0838	0.0069	11.7720
5.0870	0.0093	11.7720
5.0897	0.0141	11.7720
5.0881	0.0153	11.7720
5.0888	0.0107	11.7720
5.0871	0.0154	11.7720
5.0906	0.0123	11.7720
5.0815	0.0111	11.7720
5.0896	0.0133	11.7720
5.0892	0.0125	11.7720
5.0839	0.0102	11.7720
5.0878	0.0113	11.7720
5.0805	0.0142	11.7720
5.0894	0.0115	11.7720
5.0848	0.0113	11.7720
5.0832	0.0134	11.7720
5.0853	0.0148	11.7720
5.0914	0.0105	11.7720
5.0871	0.0148	11.7720
5.0832	0.0114	11.7720
5.0856	0.0099	11.7720
5.0822	0.0124	11.7720
5.0883	0.0107	11.7720
5.0884	0.0077	11.7720
5.0862	0.0154	11.7720
5.0897	0.0130	11.7720
5.0904	0.0087	11.7720
5.0812	0.0095	11.7720
5.0823	0.0101	11.7720
5.0817	0.0118	11.7720
5.0877	0.0126	11.7720
5.0879	0.0088	11.7720
5.0834	0.0153	11.7720
5.0905	0.0149	11.7720
5.0853	0.0092	11.7720
5.0891	0.0100	11.7720
5.0779	0.0135	11.7720
5.0727	0.0113	11.7720
5.0866	0.0154	11.7720
5.0727	0.0119	11.7720
5.0849	0.0082	11.7720
5.0884	0.0119	11.7720
5.0812	0.0128	11.7720
5.0881	0.0140	11.7720
5.0820	0.0137	11.7720
5.0872	0.0123	11.7720
5.0883	0.0114	11.7720
5.0860	0.0070	11.7720
5.0846	0.0134	11.7720
5.0780	0.0092	11.7720
5.0893	0.0113	11.7720
5.0780	0.0134	11.7720
5.0847	0.0071	11.7720
5.0808	0.0097	11.7720
5.0796	0.0155	11.7720
5.0797	0.0123	11.7720
5.0817	0.0125	11.7720
5.0808	0.0091	11.7720
5.0787	0.0150	11.7720
5.0796	0.0077	11.7720
5.0809	0.0138	11.7720
5.0782	0.0169	11.7720
5.0872	0.0144	11.7720
5.0783	0.0142	11.7720
5.0825	0.0124	11.7720
5.0831	0.0115	11.7720
5.0875	0.0084	11.7720
5.0852	0.0114	11.7720
5.0879	0.0137	11.7720
5.0833	0.0087	11.7720
5.0810	0.0106	11.7720
5.0910	0.0107	11.7720
5.0861	0.0133	11.7720
5.0775	0.0106	11.7720
5.0869	0.0145	11.7720
5.0820	0.0074	11.7720
5.0939	0.0098	11.7720
5.0868	0.0121	11.7720
5.0805	0.0115	11.7720
5.0850	0.0159	11.7720
5.0902	0.0112	11.7720
5.0875	0.0104	11.7720
5.0816	0.0143	11.7720
5.0805	0.0145	11.7720
5.0863	0.0105	11.7720
5.0782	0.0116	11.7720
5.0957	0.0087	11.7720
5.0906	0.0069	11.7720
5.0871	0.0135	11.7720
5.0815	0.0112	11.7720
5.0826	0.0136	11.7720
5.0827	0.0114	11.7720
5.0893	0.0149	11.7720
5.0781	0.0075	11.7720
5.0853	0.0109	11.7720
5.0738	0.0098	11.7720
5.0827	0.0077	11.7720
5.0824	0.0111	11.7720
5.0804	0.0116	11.7720
5.0832	0.0135	11.7720
5.0910	0.0146	11.7720
5.0829	0.0099	11.7720
5.0824	0.0084	11.7720
5.0842	0.0116	11.7720
5.0853	0.0095	11.7720
5.0893	0.0119	11.7720
5.0857	0.0090	11.7720
5.0784	0.0108	11.7720
5.0888	0.0054	11.7720
5.0850	0.0064	11.7720
5.0807	0.0120	11.7720
5.0812	0.0114	11.7720
5.0944	0.0077	11.7720
5.0876	0.0095	11.7720
5.0795	0.0118	11.7720
5.0876	0.0093	11.7720
5.0865	0.0119	11.7720
5.0888	0.0107	11.7720
5.0816	0.0071	11.7720
5.0834	0.0122	11.7720
5.0821	0.0124	11.7720
5.0800	0.0183	11.7720
5.0846	0.0132	11.7720
5.0853	0.0080	11.7720
5.0813	0.0136	11.7720
5.0852	0.0119	11.7720
5.0756	0.0125	11.7720
5.0739	0.0142	11.7720
5.0801	0.0109	11.7720
5.0865	0.0091	11.7720
5.0918	0.0098	11.7720
5.0868	0.0102	11.7720
5.0858	0.0111	11.7720
5.0846	0.0101	11.7720
5.0864	0.0145	11.7720
5.0772	0.0105	11.7720
5.0801	0.0142	11.7720
5.0832	0.0150	11.7720
5.0903	0.0070	11.7720
5.0787	0.0088	11.7720
5.0860	0.0092	11.7720
5.0896	0.0139	11.7720
5.0870	0.0089	11.7720
5.0772	0.0108	11.7720
5.0843	0.0139	11.7720
5.0925	0.0058	11.7720
5.0841	0.0080	11.7720
5.0875	0.0129	11.7720
5.0845	0.0094	11.7720
5.0777	0.0137	11.7720
5.0899	0.0080	11.7720
5.0775	0.0175	11.7720
5.0841	0.0080	11.7720
5.0883	0.0106	11.7720
5.0896	0.0083	11.7720
5.0852	0.0097	11.7720
5.0804	0.0123	11.7720
5.0884	0.0124	11.7720
5.0828	0.0152	11.7720
5.0909	0.0100	11.7720
5.0831	0.0090	11.7720
5.0877	0.0108	11.7720
5.0852	0.0127	11.7720
5.0894	0.0064	11.7720
5.0831	0.0130	11.7720
5.0852	0.0110	11.7720
5.0872	0.0104	11.7720
5.0881	0.0125	11.7720
5.0877	0.0096	11.7720
5.0857	0.0088	11.7720
5.0803	0.0123	11.7720
5.0857	0.0111	11.7720
5.0820	0.0099	11.7720
5.0826	0.0079	11.7720
5.0814	0.0168	11.7720
5.0838	0.0065	11.7720
5.0837	0.0131	11.7720
5.0845	0.0135	11.7720
5.0805	0.0107	11.7720
5.0772	0.0142	11.7720
5.0880	0.0124	11.7720
5.0853	0.0078	11.7720
5.0828	0.0106	11.7720
5.0872	0.0082	11.7720
5.0843	0.0089	11.7720
5.0822	0.0146	11.7720
5.0807	0.0115	11.7720
5.0845	0.0157	11.7720
5.0822	0.0086	11.7720
5.0812	0.0147	11.7720
5.0745	0.0111	11.7720
5.0853	0.0137	11.7720
5.0862	0.0086	11.7720
5.0748	0.0083	11.7720
5.0893	0.0153	11.7720
5.0787	0.0116	11.7720
5.0878	0.0118	11.7720
5.0917	0.0131	11.7720
5.0770	0.0099	11.7720
5.0868	0.0119	11.7720
5.0783	0.0119	11.7720
5.0891	0.0063	11.7720
5.0845	0.0103	11.7720
5.0813	0.0118	11.7720
5.0902	0.0098	11.7720
5.0793	0.0093	11.7720
5.0813	0.0144	11.7720
5.0808	0.0134	11.7720
5.0806	0.0182	11.7720
5.0880	0.0111	11.7720
5.0874	0.0086	11.7720
5.0821	0.0114	11.7720
5.0860	0.0126	11.7720
5.0811	0.0052	11.7720
5.0855	0.0108	11.7720
5.0868	0.0169	11.7720
5.0837	0.0115	11.7720
5.0795	0.0128	11.7720
5.0830	0.0097	11.7720
5.0808	0.0108	11.7720
5.0803	0.0132	11.7720
5.0847	0.0107	11.7720
5.0829	0.0068	11.7720
5.0817	0.0126	11.7720
5.0859	0.0107	11.7720
5.0792	0.0079	11.7720
5.0836	0.0123	11.7720
5.0887	0.0107	11.7720
5.0824	0.0104	11.7720
5.0815	0.0140	11.7720
5.0887	0.0056	11.7720
5.0780	0.0090	11.7720
5.0826	0.0127	11.7720
5.0846	0.0141	11.7720
5.0784	0.0129	11.7720
5.0738	0.0091	11.7720
5.0757	0.0115	11.7720
5.0885	0.0079	11.7720
5.0690	0.0106	11.7720
5.0781	0.0172	11.7720
5.0755	0.0081	11.7720
5.0788	0.0114	11.7720
5.0822	0.0112	11.7720
5.0744	0.0105	11.7720
5.0758	0.0166	11.7720
5.0848	0.0115	11.7720
5.0805	0.0130	11.7720
5.0803	0.0120	11.7720
5.0797	0.0088	11.7720
5.0868	0.0057	11.7720
5.0790	0.0101	11.7720
5.0808	0.0138	11.7720
5.0893	0.0133	11.7720
5.0791	0.0132	11.7720
5.0750	0.0093	11.7720
5.0767	0.0128	11.7720
5.0803	0.0140	11.7720
5.0840	0.0098	11.7720
5.0877	0.0092	11.7720
5.0777	0.0097	11.7720
5.0846	0.0066	11.7720
5.0843	0.0111	11.7720
5.0720	0.0154	11.7720
5.0841	0.0105	11.7720
5.0882	0.0075	11.7720
5.0798	0.0151	11.7720
5.0784	0.0094	11.7720
5.0849	0.0070	11.7720
5.0933	0.0122	11.7720
5.0780	0.0047	11.7720
5.0850	0.0143	11.7720
5.0806	0.0091	11.7720
5.0807	0.0072	11.7720
5.0848	0.0088	11.7720
5.0830	0.0115	11.7720
5.0769	0.0107	11.7720
5.0832	0.0158	11.7720
5.0791	0.0187	11.7720
5.0716	0.0171	11.7720
5.0597	0.0141	11.7720
5.0697	0.0112	11.7720
5.0584	0.0129	11.7720
5.0732	0.0116	11.7720
5.0786	0.0122	11.7720
5.0725	0.0128	11.7720
5.0820	0.0095	11.7720
5.0648	0.0094	11.7720
5.0782	0.0085	11.7720
5.0881	0.0085	11.7720
5.0831	0.0138	11.7720
5.0797	0.0143	11.7720
5.0738	0.0145	11.7720
5.0882	0.0136	11.7720
5.0758	0.0118	11.7720
5.0861	0.0086	11.7720
5.0815	0.0139	11.7720
5.0892	0.0134	11.7720
5.0796	0.0129	11.7720
5.0798	0.0063	11.7720
5.0845	0.0143	11.7720
5.0839	0.0127	11.7720
5.0795	0.0083	11.7720
5.0813	0.0137	11.7720
5.0938	0.0112	11.7720
5.0917	0.0123	11.7720
5.0921	0.0211	11.7720
5.0857	0.0153	11.7720
5.0906	0.0077	11.7720
5.0877	0.0100	11.7720
5.0860	0.0137	11.7720
5.0865	0.0094	11.7720
5.0892	0.0126	11.7720
5.0908	0.0133	11.7720
5.0945	0.0091	11.7720
5.0968	0.0071	11.7720
5.0915	0.0091	11.7720
5.0847	0.0105	11.7720
5.0912	0.0099	11.7720
5.0898	0.0156	11.7720
5.0943	0.0130	11.7720
5.0935	0.0131	11.7720
5.0972	0.0104	11.7720
5.0844	0.0105	11.7720
5.0962	0.0115	11.7720
5.0920	0.0120	11.7720
5.0952	0.0151	11.7720
5.0969	0.0161	11.7720
5.1017	0.0144	11.7720
5.0913	0.0086	11.7720
5.0944	0.0185	11.7720
5.0908	0.0088	11.7720
5.1008	0.0111	11.7720
5.0914	0.0102	11.7720
5.0944	0.0124	11.7720
5.0986	0.0124	11.7720
5.1037	0.0123	11.7720
5.0963	0.0138	11.7720
5.1001	0.0094	11.7720
5.1034	0.0158	11.7720
5.1006	0.0079	11.7720
5.1095	0.0102	11.7720
5.0992	0.0140	11.7720
5.1031	0.0084	11.7720
5.1021	0.0118	11.7720
5.0964	0.0144	11.7720
5.1009	0.0126	11.7720
5.1019	0.0122	11.7720
5.1056	0.0191	11.7720
5.1063	0.0083	11.7720
5.1008	0.0081	11.7720
5.1056	0.0110	11.7720
5.1048	0.0098	11.7720
5.1052	0.0104	11.7720
5.1087	0.0142	11.7720
5.0995	0.0109	11.7720
5.1040	0.0135	11.7720
5.1092	0.0131	11.7720
5.1005	0.0109	11.7720
5.1061	0.0085	11.7720
5.1008	0.0127	11.7720
5.1028	0.0130	11.7720
5.1182	0.0087	11.7720
5.1083	0.0143	11.7720
5.1115	0.0087	11.7720
5.1083	0.0104	11.7720
5.1146	0.0165	11.7720
5.1103	0.0073	11.7720
5.1113	0.0100	11.7720
5.1135	0.0098	11.7720
5.1022	0.0098	11.7720
5.1148	0.0088	11.7720
5.0993	0.0128	11.7720
5.1026	0.0107	11.7720
5.1037	0.0182	11.7720
5.1030	0.0072	11.7720
5.1011	0.0150	11.7720
5.1122	0.0110	11.7720
5.1083	0.0187	11.7720
5.1091	0.0070	11.7720
5.1068	0.0096	11.7720
5.1055	0.0100	11.7720
5.1160	0.0105	11.7720
5.1028	0.0082	11.7720
5.1111	0.0117	11.7720
5.1201	0.0050	11.7720
5.1089	0.0125	11.7720
5.1161	0.0088	11.7720
5.1030	0.0110	11.7720
5.1125	0.0133	11.7720
5.1100	0.0131	11.7720
5.1046	0.0090	11.7720
5.1163	0.0136	11.7720
5.1145	0.0114	11.7720
5.1206	0.0107	11.7720
5.1068	0.0139	11.7720
5.1140	0.0124	11.7720
5.1064	0.0103	11.7720
5.1072	0.0149	11.7720
5.1095	0.0147	11.7720
5.1154	0.0107	11.7720
5.1157	0.0195	11.7720
5.1138	0.0113	11.7720
5.1108	0.0116	11.7720
5.1132	0.0141	11.7720
5.1092	0.0126	11.7720
5.1134	0.0212	11.7720
5.1138	0.0150	11.7720
5.1180	0.0104	11.7720
5.1197	0.0099	11.7720
5.1188	0.0130	11.7720
5.1101	0.0089	11.7720
5.1130	0.0122	11.7720
5.1214	0.0104	11.7720
5.1155	0.0144	11.7720
5.1230	0.0080	11.7720
5.1045	0.0134	11.7720
5.1127	0.0138	11.7720
5.1000	0.0094	11.7720
5.1139	0.0097	11.7720
5.1057	0.0069	11.7720
5.1198	0.0141	11.7720
5.1228	0.0110	11.7720
5.1250	0.0094	11.7720
5.1171	0.0148	11.7720
5.1141	0.0123	11.7720
5.1081	0.0084	11.7720
5.1160	0.0124	11.7720
5.1162	0.0170	11.7720
5.1167	0.0101	11.7720
5.1206	0.0152	11.7720
5.1106	0.0093	11.7720
5.1196	0.0093	11.7720
5.1068	0.0131	11.7720
5.1201	0.0128	11.7720
5.1165	0.0113	11.7720
5.1208	0.0137	11.7720
5.1163	0.0134	11.7720
5.1224	0.0084	11.7720
5.1177	0.0162	11.7720
5.1188	0.0113	11.7720
5.1110	0.0054	11.7720
5.1159	0.0176	11.7720
5.1224	0.0116	11.7720
5.1183	0.0133	11.7720
5.1104	0.0274	11.7720
5.1245	0.0150	11.7720
5.1189	0.0141	11.7720
5.1188	0.0143	11.7720
5.1165	0.0112	11.7720
5.1164	0.0165	11.7720
5.1258	0.0094	11.7720
5.1213	0.0127	11.7720
5.1275	0.0146	11.7720
5.1237	0.0137	11.7720
5.1267	0.0111	11.7720
5.1206	0.0083	11.7720
5.1283	0.0132	11.7720
5.1231	0.0108	11.7720
5.1146	0.0117	11.7720
5.1232	0.0096	11.7720
5.1236	0.0086	11.7720
5.1188	0.0162	11.7720
5.1158	0.0130	11.7720
5.1232	0.0075	11.7720
5.1249	0.0110	11.7720
5.1248	0.0079	11.7720
5.1227	0.0109	11.7720
5.1223	0.0158	11.7720
5.1188	0.0094	11.7720
5.1213	0.0197	11.7720
5.1187	0.0082	11.7720
5.1170	0.0104	11.7720
5.1286	0.0141	11.7720
5.1192	0.0151	11.7720
5.1302	0.0104	11.7720
5.1241	0.0095	11.7720
5.1179	0.0166	11.7720
5.1222	0.0155	11.7720
5.1253	0.0118	11.7720
5.1265	0.0087	11.7720
5.1295	0.0074	11.7720
5.1320	0.0108	11.7720
5.1200	0.0132	11.7720
5.1192	0.0126	11.7720
5.1190	0.0150	11.7720
5.1220	0.0130	11.7720
5.1325	0.0085	11.7720
5.1188	0.0121	11.7720
5.1276	0.0131	11.7720
5.1216	0.0167	11.7720
5.1306	0.0138	11.7720
5.1270	0.0150	11.7720
5.1236	0.0101	11.7720
5.1245	0.0089	11.7720
5.1236	0.0134	11.7720
5.1179	0.0151	11.7720
5.1200	0.0098	11.7720
5.1216	0.0129	11.7720
5.1278	0.0119	11.7720
5.1278	0.0100	11.7720
5.1241	0.0095	11.7720
5.1292	0.0097	11.7720
5.1238	0.0168	11.7720
5.1261	0.0092	11.7720
5.1234	0.0109	11.7720
5.1216	0.0124	11.7720
5.1229	0.0138	11.7720
5.1242	0.0136	11.7720
5.1211	0.0127	11.7720
5.1344	0.0147	11.7720
5.1288	0.0110	11.7720
5.1234	0.0148	11.7720
5.1256	0.0103	11.7720
5.1262	0.0109	11.7720
5.1267	0.0077	11.7720
5.1310	0.0103	11.7720
5.1287	0.0120	11.7720
5.1314	0.0070	11.7720
5.1236	0.0126	11.7720
5.1292	0.0064	11.7720
5.1278	0.0136	11.7720
5.1238	0.0125	11.7720
5.1241	0.0126	11.7720
5.1269	0.0098	11.7720
5.1258	0.0136	11.7720
5.1157	0.0131	11.7720
5.1196	0.0160	11.7720
5.1222	0.0132	11.7720
5.1308	0.0133	11.7720
5.1172	0.0120	11.7720
5.1305	0.0120	11.7720
5.1265	0.0126	11.7720
5.1342	0.0142	11.7720
5.1260	0.0140	11.7720
5.1360	0.0078	11.7720
5.1305	0.0115	11.7720
5.1269	0.0141	11.7720
5.1284	0.0120	11.7720
5.1244	0.0156	11.7720
5.1323	0.0047	11.7720
5.1209	0.0122	11.7720
5.1222	0.0107	11.7720
5.1239	0.0094	11.7720
5.1333	0.0082	11.7720
5.1266	0.0087	11.7720
5.1304	0.0133	11.7720
5.1243	0.0147	11.7720
5.1253	0.0146	11.7720
5.1345	0.0104	11.7720
5.1241	0.0116	11.7720
5.1372	0.0134	11.7720
5.1307	0.0065	11.7720
5.1345	0.0105	11.7720
5.1317	0.0145	11.7720
5.1341	0.0102	11.7720
5.1321	0.0079	11.7720
5.1250	0.0148	11.7720
5.1266	0.0133	11.7720
5.1283	0.0086	11.7720
5.1306	0.0127	11.7720
5.1312	0.0109	11.7720
5.1266	0.0109	11.7720
5.1276	0.0076	11.7720
5.1284	0.0108	11.7720
5.1323	0.0090	11.7720
5.1273	0.0123	11.7720
5.1289	0.0121	11.7720
5.1287	0.0137	11.7720
5.1316	0.0147	11.7720
5.1308	0.0126	11.7720
5.1381	0.0175	11.7720
5.1348	0.0166	11.7720
5.1277	0.0146	11.7720
5.1238	0.0104	11.7720
5.1253	0.0086	11.7720
5.1346	0.0136	11.7720
5.1254	0.0111	11.7720
5.1296	0.0144	11.7720
5.1340	0.0111	11.7720
5.1345	0.0190	11.7720
5.1294	0.0105	11.7720
5.1345	0.0119	11.7720
5.1243	0.0081	11.7720
5.1313	0.0118	11.7720
5.1279	0.0169	11.7720
5.1362	0.0116	11.7720
5.1376	0.0118	11.7720
5.1345	0.0122	11.7720
5.1284	0.0108	11.7720
5.1331	0.0089	11.7720
5.1261	0.0150	11.7720
5.1321	0.0138	11.7720
5.1375	0.0116	11.7720
5.1327	0.0131	11.7720
5.1331	0.0099	11.7720
5.1373	0.0122	11.7720
5.1331	0.0157	11.7720
5.1345	0.0139	11.7720
5.1332	0.0139	11.7720
5.1415	0.0142	11.7720
5.1373	0.0127	11.7720
5.1286	0.0100	11.7720
5.1345	0.0141	11.7720
5.1392	0.0119	11.7720
5.1290	0.0120	11.7720
5.1302	0.0124	11.7720
5.1352	0.0133	11.7720
5.1342	0.0101	11.7720
5.1264	0.0099	11.7720
5.1339	0.0156	11.7720
5.1394	0.0109	11.7720
5.1423	0.0175	11.7720
5.1399	0.0133	11.7720
5.1377	0.0139	11.7720
5.1359	0.0104	11.7720
5.1377	0.0111	11.7720
5.1329	0.0136	11.7720
5.1389	0.0094	11.7720
5.1363	0.0163	11.7720
5.1352	0.0134	11.7720
5.1361	0.0159	11.7720
5.1463	0.0093	11.7720
5.1361	0.0136	11.7720
5.1395	0.0083	11.7720
5.1362	0.0100	11.7720
5.1443	0.0091	11.7720
5.1373	0.0134	11.7720
5.1396	0.0096	11.7720
5.1270	0.0127	11.7720
5.1320	0.0168	11.7720
5.1394	0.0081	11.7720
5.1436	0.0118	11.7720
5.1307	0.0148	11.7720
5.1377	0.0114	11.7720
5.1329	0.0182	11.7720
5.1405	0.0143	11.7720
5.1338	0.0077	11.7720
5.1384	0.0161	11.7720
5.1300	0.0113	11.7720
5.1348	0.0220	11.7720
